39.300000 0.700000 0.700000
40.300000 1.700000 1.700000
41.300000 2.590000 2.700000
42.300000 3.590000 3.700000
43.300000 4.485000 4.700000
44.300000 5.485000 5.700000
45.300000 6.485000 6.700000
46.300000 7.485000 7.700000
47.300000 8.485000 8.700000
48.300000 9.250000 9.700000
49.300000 10.250000 10.700000
50.300000 11.250000 11.700000
51.300000 12.250000 12.700000
52.300000 13.250000 13.700000
53.300000 14.250000 14.700000
54.300000 15.250000 15.700000
55.300000 16.250000 16.700000
56.300000 17.250000 17.700000
57.300000 18.250000 18.700000
58.300000 19.250000 19.700000
59.300000 20.250000 20.700000
60.300000 21.250000 21.700000
61.300000 22.250000 22.700000
62.300000 23.250000 23.700000
63.300000 24.250000 24.700000
64.300000 25.250000 25.700000
65.300000 26.250000 26.700000
66.400000 27.350000 27.800000
67.400000 28.350000 28.800000
68.400000 29.350000 29.800000
69.400000 30.350000 30.800000
70.400000 31.350000 31.800000
71.400000 32.350000 32.800000
72.400000 33.350000 33.800000
73.400000 34.350000 34.800000
74.400000 35.350000 35.800000
75.400000 36.350000 36.800000
76.400000 37.350000 37.800000
77.400000 38.350000 38.800000
78.400000 39.350000 39.800000
79.400000 40.350000 40.800000
80.400000 41.350000 41.800000
81.400000 42.350000 42.800000
82.400000 43.350000 43.800000
83.400000 44.350000 44.800000
84.400000 45.350000 45.800000
85.400000 46.350000 46.800000
86.400000 47.350000 47.800000
87.400000 48.350000 48.800000
88.400000 49.350000 49.800000
89.400000 50.350000 50.800000
90.400000 51.350000 51.800000
91.400000 52.350000 52.800000
92.400000 53.350000 53.800000
93.400000 54.350000 54.800000
94.400000 55.350000 55.800000
95.400000 56.350000 56.800000
96.400000 57.350000 57.800000
97.400000 58.350000 58.800000
98.400000 59.350000 59.800000
99.400000 60.350000 60.800000
100.400000 61.350000 61.800000
101.500000 62.450000 62.900000
102.500000 63.450000 63.900000
103.500000 64.450000 64.900000
104.500000 65.450000 65.900000
105.500000 66.450000 66.900000
106.500000 67.450000 67.900000
107.500000 68.450000 68.900000
108.500000 69.450000 69.900000
109.500000 70.450000 70.900000
110.500000 71.450000 71.900000
111.500000 72.450000 72.900000
112.500000 73.450000 73.900000
113.500000 74.450000 74.900000
114.500000 75.450000 75.900000
115.500000 76.450000 76.900000
116.500000 77.450000 77.900000
117.500000 78.450000 78.900000
118.500000 79.450000 79.900000
119.500000 80.450000 80.900000
120.500000 81.450000 81.900000
121.500000 82.450000 82.900000
122.500000 83.450000 83.900000
123.500000 84.450000 84.900000
124.500000 85.450000 85.900000
125.500000 86.450000 86.900000
126.500000 87.450000 87.900000
127.500000 88.450000 88.900000
128.500000 89.450000 89.900000
129.500000 90.450000 90.900000
130.500000 91.450000 91.900000
131.500000 92.450000 92.900000
132.500000 93.450000 93.900000
133.500000 94.450000 94.900000
134.600000 95.550000 96.000000
135.600000 96.550000 97.000000
136.600000 97.550000 98.000000
137.600000 98.550000 99.000000
138.600000 99.550000 100.000000
139.600000 100.550000 101.000000
140.600000 101.550000 102.000000
141.600000 102.550000 103.000000
142.600000 103.550000 104.000000
143.600000 104.550000 105.000000
144.600000 105.550000 106.000000
145.600000 106.550000 107.000000
146.600000 107.550000 108.000000
147.600000 108.550000 109.000000
148.600000 109.550000 110.000000
149.600000 110.550000 111.000000
150.600000 111.550000 112.000000
151.600000 112.550000 113.000000
152.600000 113.550000 114.000000
153.600000 114.550000 115.000000
154.600000 115.550000 116.000000
155.600000 116.550000 117.000000
156.600000 117.550000 118.000000
157.600000 118.550000 119.000000
158.600000 119.550000 120.000000
159.600000 120.550000 121.000000
160.600000 121.550000 122.000000
161.600000 122.550000 123.000000
162.600000 123.550000 124.000000
163.600000 124.550000 125.000000
164.700000 125.650000 126.100000
165.700000 126.650000 127.100000
166.700000 127.650000 128.100000
167.700000 128.650000 129.100000
168.700000 129.650000 130.100000
169.700000 130.650000 131.100000
170.700000 131.650000 132.100000
171.700000 132.650000 133.100000
172.700000 133.650000 134.100000
173.700000 134.650000 135.100000
174.700000 135.650000 136.100000
175.700000 136.650000 137.100000
176.700000 137.650000 138.100000
177.700000 138.650000 139.100000
178.700000 139.650000 140.100000
179.700000 140.650000 141.100000
180.700000 141.650000 142.100000
181.700000 142.650000 143.100000
182.700000 143.650000 144.100000
183.700000 144.650000 145.100000
184.700000 145.650000 146.100000
185.700000 146.650000 147.100000
186.700000 147.650000 148.100000
187.700000 148.650000 149.100000
188.700000 149.650000 150.100000
189.700000 150.650000 151.100000
190.700000 151.650000 152.100000
191.700000 152.650000 153.100000
192.700000 153.650000 154.100000
193.700000 154.650000 155.100000
194.700000 155.650000 156.100000
195.700000 156.650000 157.100000
196.700000 157.650000 158.100000
197.700000 158.650000 159.100000
198.800000 159.750000 160.200000
199.800000 160.750000 161.200000
200.800000 161.750000 162.200000
201.800000 162.750000 163.200000
202.800000 163.750000 164.200000
203.800000 164.750000 165.200000
204.800000 165.750000 166.200000
205.800000 166.750000 167.200000
206.800000 167.750000 168.200000
207.800000 168.750000 169.200000
208.800000 169.750000 170.200000
209.800000 170.750000 171.200000
210.800000 171.750000 172.200000
211.800000 172.750000 173.200000
212.800000 173.750000 174.200000
213.800000 174.750000 175.200000
214.800000 175.750000 176.200000
215.800000 176.750000 177.200000
216.800000 177.750000 178.200000
217.800000 178.750000 179.200000
218.800000 179.750000 180.200000
219.800000 180.750000 181.200000
220.800000 181.750000 182.200000
221.800000 182.750000 183.200000
222.800000 183.750000 184.200000
223.800000 184.750000 185.200000
224.800000 185.750000 186.200000
225.800000 186.750000 187.200000
226.800000 187.750000 188.200000
227.800000 188.750000 189.200000
228.800000 189.750000 190.200000
229.900000 190.850000 191.300000
230.900000 191.850000 192.300000
231.900000 192.850000 193.300000
232.900000 193.850000 194.300000
233.900000 194.850000 195.300000
234.900000 195.850000 196.300000
235.900000 196.850000 197.300000
236.900000 197.850000 198.300000
237.900000 198.850000 199.300000
238.900000 199.850000 200.300000
239.900000 200.850000 201.300000
240.900000 201.850000 202.300000
241.900000 202.850000 203.300000
242.900000 203.850000 204.300000
243.900000 204.850000 205.300000
244.900000 205.850000 206.300000
245.900000 206.850000 207.300000
246.900000 207.850000 208.300000
247.900000 208.850000 209.300000
248.900000 209.850000 210.300000
249.900000 210.850000 211.300000
250.900000 211.850000 212.300000
251.900000 212.850000 213.300000
252.900000 213.850000 214.300000
253.900000 214.850000 215.300000
254.900000 215.850000 216.300000
255.900000 216.850000 217.300000
256.900000 217.850000 218.300000
257.900000 218.850000 219.300000
258.900000 219.850000 220.300000
259.900000 220.850000 221.300000
260.900000 221.850000 222.300000
262.000000 222.950000 223.400000
263.000000 223.950000 224.400000
264.000000 224.950000 225.400000
265.000000 225.950000 226.400000
266.000000 226.950000 227.400000
267.000000 227.950000 228.400000
268.000000 228.950000 229.400000
269.000000 229.950000 230.400000
270.000000 230.950000 231.400000
271.000000 231.950000 232.400000
272.000000 232.950000 233.400000
273.000000 233.950000 234.400000
274.000000 234.950000 235.400000
275.000000 235.950000 236.400000
276.000000 236.950000 237.400000
277.000000 237.950000 238.400000
278.000000 238.950000 239.400000
279.000000 239.950000 240.400000
280.000000 240.950000 241.400000
281.000000 241.950000 242.400000
282.000000 242.950000 243.400000
283.000000 243.950000 244.400000
284.000000 244.950000 245.400000
285.000000 245.950000 246.400000
286.000000 246.950000 247.400000
287.000000 247.950000 248.400000
288.000000 248.950000 249.400000
289.000000 249.950000 250.400000
290.000000 250.950000 251.400000
291.000000 251.950000 252.400000
292.000000 252.950000 253.400000
293.000000 253.950000 254.400000
294.000000 254.950000 255.400000
295.000000 255.950000 256.400000
296.000000 256.950000 257.400000
297.100000 258.050000 258.500000
298.100000 259.050000 259.500000
299.100000 260.050000 260.500000
300.100000 261.050000 261.500000
301.100000 262.050000 262.500000
302.100000 263.050000 263.500000
303.100000 264.050000 264.500000
304.100000 265.050000 265.500000
305.100000 266.050000 266.500000
306.100000 267.050000 267.500000
307.100000 268.050000 268.500000
308.100000 269.050000 269.500000
309.100000 270.050000 270.500000
310.100000 271.050000 271.500000
311.100000 272.050000 272.500000
312.100000 273.050000 273.500000
313.100000 274.050000 274.500000
314.100000 275.050000 275.500000
315.100000 276.050000 276.500000
316.100000 277.050000 277.500000
317.100000 278.050000 278.500000
318.100000 279.050000 279.500000
319.100000 280.050000 280.500000
320.100000 281.050000 281.500000
321.100000 282.050000 282.500000
322.100000 283.050000 283.500000
323.100000 284.050000 284.500000
324.100000 285.050000 285.500000
325.100000 286.050000 286.500000
326.200000 287.150000 287.600000
327.200000 288.150000 288.600000
328.200000 289.150000 289.600000
329.200000 290.150000 290.600000
330.200000 291.150000 291.600000
331.200000 292.150000 292.600000
332.200000 293.150000 293.600000
333.200000 294.150000 294.600000
334.200000 295.150000 295.600000
335.200000 296.150000 296.600000
336.200000 297.150000 297.600000
337.200000 298.150000 298.600000
338.200000 299.150000 299.600000
339.200000 300.150000 300.600000
340.200000 301.150000 301.600000
341.200000 302.150000 302.600000
342.200000 303.150000 303.600000
343.200000 304.150000 304.600000
344.200000 305.150000 305.600000
345.200000 306.150000 306.600000
346.200000 307.150000 307.600000
347.200000 308.150000 308.600000
348.200000 309.150000 309.600000
349.200000 310.150000 310.600000
350.200000 311.150000 311.600000
351.200000 312.150000 312.600000
352.200000 313.150000 313.600000
353.200000 314.150000 314.600000
354.200000 315.150000 315.600000
355.200000 316.150000 316.600000
356.200000 317.150000 317.600000
357.200000 318.150000 318.600000
358.200000 319.150000 319.600000
359.200000 320.150000 320.600000
360.300000 321.250000 321.700000
361.300000 322.250000 322.700000
362.300000 323.250000 323.700000
363.300000 324.250000 324.700000
364.300000 325.250000 325.700000
365.300000 326.250000 326.700000
366.300000 327.250000 327.700000
367.300000 328.250000 328.700000
368.300000 329.250000 329.700000
369.300000 330.250000 330.700000
370.300000 331.250000 331.700000
371.300000 332.250000 332.700000
372.300000 333.250000 333.700000
373.300000 334.250000 334.700000
374.300000 335.250000 335.700000
375.300000 336.250000 336.700000
376.300000 337.250000 337.700000
377.300000 338.250000 338.700000
378.300000 339.250000 339.700000
379.300000 340.250000 340.700000
380.300000 341.250000 341.700000
381.300000 342.250000 342.700000
382.300000 343.250000 343.700000
383.300000 344.250000 344.700000
384.300000 345.250000 345.700000
385.300000 346.250000 346.700000
386.300000 347.250000 347.700000
387.300000 348.250000 348.700000
388.300000 349.250000 349.700000
389.300000 350.250000 350.700000
390.300000 351.250000 351.700000
391.300000 352.250000 352.700000
392.400000 353.350000 353.800000
393.400000 354.350000 354.800000
394.400000 355.350000 355.800000
395.400000 356.350000 356.800000
396.400000 357.350000 357.800000
397.400000 358.350000 358.800000
398.400000 359.350000 359.800000
399.400000 360.350000 360.800000
400.400000 361.350000 361.800000
401.400000 362.350000 362.800000
402.400000 363.350000 363.800000
403.400000 364.350000 364.800000
404.400000 365.350000 365.800000
405.400000 366.350000 366.800000
406.400000 367.350000 367.800000
407.400000 368.350000 368.800000
408.400000 369.350000 369.800000
409.400000 370.350000 370.800000
410.400000 371.350000 371.800000
411.400000 372.350000 372.800000
412.400000 373.350000 373.800000
413.400000 374.350000 374.800000
414.400000 375.350000 375.800000
415.400000 376.350000 376.800000
416.400000 377.350000 377.800000
417.400000 378.350000 378.800000
418.400000 379.350000 379.800000
419.400000 380.350000 380.800000
420.400000 381.350000 381.800000
421.400000 382.350000 382.800000
422.400000 383.350000 383.800000
423.400000 384.350000 384.800000
424.500000 385.450000 385.900000
425.500000 386.450000 386.900000
426.500000 387.450000 387.900000
427.500000 388.450000 388.900000
428.500000 389.450000 389.900000
429.500000 390.450000 390.900000
430.500000 391.450000 391.900000
431.500000 392.450000 392.900000
432.500000 393.450000 393.900000
433.500000 394.450000 394.900000
434.500000 395.450000 395.900000
435.500000 396.450000 396.900000
436.500000 397.450000 397.900000
437.500000 398.450000 398.900000
438.500000 399.450000 399.900000
439.500000 400.450000 400.900000
440.500000 401.450000 401.900000
441.500000 402.450000 402.900000
442.500000 403.450000 403.900000
443.500000 404.450000 404.900000
444.500000 405.450000 405.900000
445.500000 406.450000 406.900000
446.500000 407.450000 407.900000
447.500000 408.450000 408.900000
448.500000 409.450000 409.900000
449.500000 410.450000 410.900000
450.500000 411.450000 411.900000
451.500000 412.450000 412.900000
452.500000 413.450000 413.900000
453.500000 414.450000 414.900000
454.500000 415.450000 415.900000
455.500000 416.450000 416.900000
456.500000 417.450000 417.900000
457.500000 418.450000 418.900000
458.600000 419.550000 420.000000
459.600000 420.550000 421.000000
460.600000 421.550000 422.000000
461.600000 422.550000 423.000000
462.600000 423.550000 424.000000
463.600000 424.550000 425.000000
464.600000 425.550000 426.000000
465.600000 426.550000 427.000000
466.600000 427.550000 428.000000
467.600000 428.550000 429.000000
468.600000 429.550000 430.000000
469.600000 430.550000 431.000000
470.600000 431.550000 432.000000
471.600000 432.550000 433.000000
472.600000 433.550000 434.000000
473.600000 434.550000 435.000000
474.600000 435.550000 436.000000
475.600000 436.550000 437.000000
476.600000 437.550000 438.000000
477.600000 438.550000 439.000000
478.600000 439.550000 440.000000
479.600000 440.550000 441.000000
480.600000 441.550000 442.000000
481.600000 442.550000 443.000000
482.600000 443.550000 444.000000
483.600000 444.550000 445.000000
