1691654421.712457 2 22.800000 21.975000 1.570796
1691654421.712480 3 26.250000 18.525000 1.180796
1691654421.813035 1 2.325000 21.675000 1.570796
1691654421.813590 0 49.864678 11.376187 2.006586
1691654422.711730 3 26.317413 18.556269 0.174481
1691654422.711758 2 22.800000 21.975000 1.570796
1691654422.811668 0 49.695414 11.522930 2.821100
1691654422.811688 1 2.325000 21.675000 1.570796
1691654423.711656 3 26.590416 18.486927 -0.724661
1691654423.712485 2 22.800000 21.985000 1.440796
1691654423.812227 1 2.325000 21.675000 1.280796
1691654423.812316 0 49.635408 11.539201 2.988783
1691654424.713628 3 26.773670 18.254374 -1.034245
1691654424.713936 2 22.937857 22.205918 0.758961
1691654424.813355 1 2.367858 21.700174 0.301945
1691654424.813417 0 49.635408 11.539201 2.988783
1691654425.711679 3 26.914364 17.995129 -1.088982
1691654425.711704 2 23.188300 22.367932 0.430013
1691654425.813347 1 2.617890 21.655654 -0.698055
1691654425.813379 0 49.571165 11.549095 2.988783
1691654426.711583 2 23.459468 22.490236 0.407908
1691654426.712564 3 27.049606 17.735774 -1.087929
1691654426.812657 0 49.267487 11.573637 3.113519
1691654426.812671 1 2.738029 21.480760 -1.171739
1691654427.711925 2 23.736381 22.605620 0.371066
1691654427.711953 3 27.195567 17.470859 -1.017403
1691654427.811872 1 2.799483 21.184099 -1.558581
1691654427.811984 0 48.967533 11.572823 -3.111771
1691654428.713220 2 24.011823 22.711210 0.351066
1691654428.713478 3 27.292555 17.338739 -0.847403
1691654428.813396 1 2.784229 20.889748 -1.667002
1691654428.813574 0 48.667719 11.562299 -3.104929
1691654429.712214 2 24.294524 22.811601 0.334224
1691654429.712261 3 27.292555 17.338739 -0.847403
1691654429.812081 1 2.755412 20.591136 -1.667002
1691654429.812105 0 48.367921 11.551303 -3.104929
1691654430.713343 2 24.579355 22.905746 0.294224
1691654430.713945 3 27.292555 17.338739 -0.847403
1691654430.811998 0 48.068160 11.539423 -3.085455
1691654430.812189 1 2.728104 20.292385 -1.647529
1691654431.712203 2 24.864827 22.989428 0.274224
1691654431.712230 3 27.421471 17.120375 -1.177403
1691654431.812378 0 47.768707 11.521329 -3.079666
1691654431.812405 1 2.708887 19.993010 -1.625950
1691654432.713169 3 27.494290 16.871128 -1.357403
1691654432.713217 2 25.155022 23.065454 0.244224
1691654432.811851 1 2.696608 19.693268 -1.602265
1691654432.812701 0 47.469615 11.498228 -3.047034
1691654433.711946 2 25.446868 23.134846 0.188434
1691654433.711972 3 27.542657 16.542280 -1.472666
1691654433.811656 0 47.204115 11.473471 -3.048613
1691654433.811683 1 2.690578 19.393331 -1.586476
1691654434.712110 3 27.571152 16.243643 -1.482666
1691654434.712127 2 25.743345 23.180105 0.109487
1691654434.811957 0 47.184743 11.471664 -3.048613
1691654434.811974 1 2.685875 19.093368 -1.586476
1691654435.713170 2 26.037985 23.220874 0.185803
1691654435.713189 3 27.593670 15.944495 -1.502666
1691654435.811765 1 2.681171 18.793405 -1.586476
1691654435.811787 0 47.184743 11.471664 -3.048613
1691654436.711771 3 27.611248 15.647517 -1.515298
1691654436.712863 2 26.325612 23.295713 0.336855
1691654436.811826 0 47.184743 11.471664 -3.048613
1691654436.811844 1 2.676467 18.493442 -1.586476
1691654437.711905 2 26.588728 23.427236 0.616329
1691654437.711930 3 27.627889 15.347979 -1.515298
1691654437.811937 1 2.671764 18.193479 -1.586476
1691654437.811953 0 47.184743 11.471664 -3.048613
1691654438.712331 3 27.644530 15.048441 -1.515298
1691654438.712352 2 26.812920 23.629095 0.868434
1691654438.812156 1 2.667060 17.893515 -1.586476
1691654438.812179 0 47.184743 11.471664 -3.048613
1691654439.711713 2 26.990157 23.870925 0.997382
1691654439.712637 3 27.661171 14.748903 -1.515298
1691654439.812389 0 47.184743 11.471664 -3.048613
1691654439.812413 1 2.662356 17.593552 -1.586476
1691654440.711824 3 27.677812 14.449365 -1.515298
1691654440.711846 2 27.141188 24.121270 1.074224
1691654440.813721 0 47.184743 11.471664 -3.048613
1691654440.813767 1 2.657653 17.293589 -1.586476
1691654441.713725 3 27.694453 14.149827 -1.515298
1691654441.714023 2 27.274179 24.381769 1.112645
1691654441.813109 0 47.184743 11.471664 -3.048613
1691654441.813269 1 2.653138 16.993623 -1.584897
1691654442.712496 3 27.711094 13.850289 -1.515298
1691654442.712526 2 27.402344 24.650233 1.147382
1691654442.812509 1 2.649098 16.693651 -1.583318
1691654442.812528 0 47.184743 11.471664 -3.048613
1691654443.712348 3 27.727735 13.550751 -1.515298
1691654443.712367 2 27.525248 24.921158 1.148961
1691654443.811668 1 2.645657 16.393670 -1.580686
1691654443.812392 0 47.184743 11.471664 -3.048613
1691654444.712915 3 27.744376 13.251212 -1.515298
1691654444.712941 2 27.646275 25.195662 1.166856
1691654444.811674 1 2.643006 16.093682 -1.578055
1691654444.811808 0 47.184743 11.471664 -3.048613
1691654445.713021 3 27.761017 12.951674 -1.515298
1691654445.713067 2 27.764409 25.460486 1.123171
1691654445.812132 0 47.184743 11.471664 -3.048613
1691654445.812153 1 2.641144 15.793688 -1.575423
1691654446.711871 2 27.904078 25.725914 1.031592
1691654446.711893 3 27.777658 12.652136 -1.515298
1691654446.811834 1 2.639756 15.493692 -1.575423
1691654446.811885 0 47.184743 11.471664 -3.048613
1691654447.712231 3 27.791149 12.409295 -1.515298
1691654447.712294 2 28.035741 25.946737 1.030013
1691654447.813708 1 2.638368 15.193695 -1.575423
1691654447.813754 0 47.184743 11.471664 -3.048613
1691654448.712258 3 27.791096 12.410255 -1.515298
1691654448.712524 2 28.035225 25.945877 1.030013
1691654448.811618 1 2.637422 14.893697 -1.571739
1691654448.811637 0 47.184743 11.471664 -3.048613
1691654449.712138 2 28.035225 25.945877 1.030013
1691654449.712156 3 27.791096 12.410255 -1.515298
1691654449.812026 1 2.637455 14.593697 -1.569107
1691654449.812043 0 47.184743 11.471664 -3.048613
1691654450.712334 3 27.791096 12.410255 -1.515298
1691654450.712358 2 28.035225 25.945877 1.030013
1691654450.812177 0 47.184743 11.471664 -3.048613
1691654450.812253 1 2.638735 14.293701 -1.563318
1691654451.711735 3 27.791096 12.410255 -1.515298
1691654451.711888 2 28.035225 25.945877 1.030013
1691654451.812751 0 47.184743 11.471664 -3.048613
1691654451.812778 1 2.642795 13.993730 -1.554371
1691654452.711572 3 27.791096 12.410255 -1.515298
1691654452.711600 2 28.035225 25.945877 1.030013
1691654452.811535 1 2.648259 13.693782 -1.545423
1691654452.812516 0 47.184743 11.471664 -3.048613
1691654453.711745 3 27.791096 12.410255 -1.515298
1691654453.711765 2 28.035225 25.945877 1.030013
1691654453.812033 0 47.184743 11.471664 -3.048613
1691654453.812059 1 2.665932 13.394339 -1.472265
1691654454.712048 3 27.791096 12.410255 -1.515298
1691654454.712108 2 28.035225 25.945877 1.030013
1691654454.813169 0 47.184743 11.471664 -3.048613
1691654454.813217 1 2.706597 13.099759 -1.369634
1691654455.712213 3 27.791096 12.410255 -1.515298
1691654455.712233 2 28.035225 25.945877 1.030013
1691654455.811772 0 47.184743 11.471664 -3.048613
1691654455.811792 1 2.790180 12.812166 -1.165950
1691654456.711854 3 27.791096 12.410255 -1.515298
1691654456.711872 2 28.035225 25.945877 1.030013
1691654456.813279 1 2.940537 12.553748 -0.894897
1691654456.813804 0 47.184743 11.471664 -3.048613
1691654457.711825 2 28.035225 25.945877 1.030013
1691654457.711845 3 27.791096 12.410255 -1.515298
1691654457.812617 1 3.149057 12.346025 -0.639634
1691654457.812643 0 47.184743 11.471664 -3.048613
1691654458.712308 3 27.791096 12.410255 -1.515298
1691654458.712328 2 28.035225 25.945877 1.030013
1691654458.812098 0 47.184743 11.471664 -3.048613
1691654458.812198 1 3.406768 12.194218 -0.385423
1691654459.711951 3 27.791096 12.410255 -1.515298
1691654459.712324 2 28.035225 25.945877 1.030013
1691654459.813227 1 3.691372 12.108934 -0.238581
1691654459.813266 0 47.184743 11.471664 -3.048613
1691654460.712151 2 28.035225 25.945877 1.030013
1691654460.712200 3 27.791096 12.410255 -1.515298
1691654460.812099 0 47.184743 11.471664 -3.048613
1691654460.812117 1 3.985056 12.047951 -0.179634
1691654461.711836 2 28.035225 25.945877 1.030013
1691654461.711893 3 27.791096 12.410255 -1.515298
1691654461.811972 1 4.279093 12.002813 -0.132792
1691654461.811989 0 47.184743 11.471664 -3.048613
1691654462.711988 3 27.791096 12.410255 -1.515298
1691654462.712224 2 28.035225 25.945877 1.030013
1691654462.812385 0 47.184743 11.471664 -3.048613
1691654462.812416 1 4.577184 11.969207 -0.100160
1691654463.713487 2 28.035225 25.945877 1.030013
1691654463.713818 3 27.791096 12.410255 -1.515298
1691654463.812230 0 47.184743 11.471664 -3.048613
1691654463.812340 1 4.875761 11.940026 -0.090686
1691654464.711887 3 27.791096 12.410255 -1.515298
1691654464.711905 2 28.035225 25.945877 1.030013
1691654464.811819 1 5.174900 11.917500 -0.056476
1691654464.812909 0 47.184743 11.471664 -3.048613
1691654465.711641 3 27.791096 12.410255 -1.515298
1691654465.712372 2 28.035225 25.945877 1.030013
1691654465.811489 0 47.184743 11.471664 -3.048613
1691654465.811508 1 5.474607 11.904430 -0.036476
1691654466.713226 2 28.035225 25.945877 1.030013
1691654466.713266 3 27.791096 12.410255 -1.515298
1691654466.811715 0 47.184743 11.471664 -3.048613
1691654466.811732 1 5.745210 11.903152 0.058261
1691654467.711853 3 27.791096 12.410255 -1.515298
1691654467.711872 2 28.035225 25.945877 1.030013
1691654467.812880 0 47.184743 11.471664 -3.048613
1691654467.812898 1 5.764910 11.904280 0.065629
1691654468.711736 2 28.035225 25.945877 1.030013
1691654468.711756 3 27.791096 12.410255 -1.515298
1691654468.811594 0 47.184743 11.471664 -3.048613
1691654468.811613 1 5.764910 11.904280 0.065629
1691654469.712218 2 28.035225 25.945877 1.030013
1691654469.712234 3 27.791096 12.410255 -1.515298
1691654469.812353 0 47.184743 11.471664 -3.048613
1691654469.812370 1 5.764910 11.904280 0.065629
1691654470.711680 2 28.035225 25.945877 1.030013
1691654470.711744 3 27.791096 12.410255 -1.515298
1691654470.811344 0 47.184743 11.471664 -3.048613
1691654470.811612 1 5.764910 11.904280 0.065629
1691654471.711592 2 28.035225 25.945877 1.030013
1691654471.712308 3 27.791096 12.410255 -1.515298
1691654471.812083 0 47.184743 11.471664 -3.048613
1691654471.812099 1 5.764910 11.904280 0.065629
1691654472.711999 3 27.791096 12.410255 -1.515298
1691654472.712017 2 28.035225 25.945877 1.030013
1691654472.811906 0 47.184743 11.471664 -3.048613
1691654472.811928 1 5.764910 11.904280 0.065629
1691654473.713232 2 28.035225 25.945877 1.030013
1691654473.713266 3 27.791096 12.410255 -1.515298
1691654473.811820 0 47.184743 11.471664 -3.048613
1691654473.811837 1 5.764910 11.904280 0.065629
1691654474.711692 2 28.035225 25.945877 1.030013
1691654474.712461 3 27.791096 12.410255 -1.515298
1691654474.813596 0 47.184743 11.471664 -3.048613
1691654474.813631 1 5.764910 11.904280 0.065629
1691654475.712044 2 28.035225 25.945877 1.030013
1691654475.712065 3 27.791096 12.410255 -1.515298
1691654475.811767 1 5.764910 11.904280 0.065629
1691654475.811789 0 47.184743 11.471664 -3.048613
1691654476.712230 2 28.035225 25.945877 1.030013
1691654476.712250 3 27.791096 12.410255 -1.515298
1691654476.811970 1 5.764910 11.904280 0.065629
1691654476.811987 0 47.184743 11.471664 -3.048613
1691654477.711769 2 28.035225 25.945877 1.030013
1691654477.711790 3 27.791096 12.410255 -1.515298
1691654477.811563 1 5.764910 11.904280 0.065629
1691654477.811587 0 47.184743 11.471664 -3.048613
1691654478.712150 3 27.791096 12.410255 -1.515298
1691654478.712171 2 28.035225 25.945877 1.030013
1691654478.811710 1 5.764910 11.904280 0.065629
1691654478.811727 0 47.184743 11.471664 -3.048613
1691654479.711537 3 27.791096 12.410255 -1.515298
1691654479.712304 2 28.035225 25.945877 1.030013
1691654479.812230 0 47.184743 11.471664 -3.048613
1691654479.812246 1 5.764910 11.904280 0.065629
1691654480.712282 2 28.035225 25.945877 1.030013
1691654480.712297 3 27.791096 12.410255 -1.515298
1691654480.812123 1 5.764910 11.904280 0.065629
1691654480.812140 0 47.184743 11.471664 -3.048613
1691654481.711853 2 28.035225 25.945877 1.030013
1691654481.711870 3 27.791096 12.410255 -1.515298
1691654481.811616 1 5.764910 11.904280 0.065629
1691654481.811725 0 47.184743 11.471664 -3.048613
1691654482.711961 3 27.791096 12.410255 -1.515298
1691654482.711985 2 28.035225 25.945877 1.030013
1691654482.811995 1 5.764910 11.904280 0.065629
1691654482.812017 0 47.184743 11.471664 -3.048613
1691654483.711791 2 28.035225 25.945877 1.030013
1691654483.711888 3 27.791096 12.410255 -1.515298
1691654483.811775 1 5.764910 11.904280 0.065629
1691654483.811793 0 47.184743 11.471664 -3.048613
1691654484.711440 3 27.791096 12.410255 -1.515298
1691654484.712399 2 28.035225 25.945877 1.030013
1691654484.811556 1 5.764910 11.904280 0.065629
1691654484.812317 0 47.184743 11.471664 -3.048613
1691654485.713207 2 28.035225 25.945877 1.030013
1691654485.713717 3 27.791096 12.410255 -1.515298
1691654485.811949 1 5.764910 11.904280 0.065629
1691654485.811967 0 47.184743 11.471664 -3.048613
1691654486.713238 3 27.791096 12.410255 -1.515298
1691654486.713518 2 28.035225 25.945877 1.030013
1691654486.811584 0 47.184743 11.471664 -3.048613
1691654486.812426 1 5.764910 11.904280 0.065629
1691654487.711782 3 27.791096 12.410255 -1.515298
1691654487.711801 2 28.035225 25.945877 1.030013
1691654487.811647 0 47.184743 11.471664 -3.048613
1691654487.812538 1 5.764910 11.904280 0.065629
1691654488.713095 2 28.035225 25.945877 1.030013
1691654488.713271 3 27.791096 12.410255 -1.515298
1691654488.812327 0 47.184743 11.471664 -3.048613
1691654488.812342 1 5.764910 11.904280 0.065629
1691654489.712380 3 27.791096 12.410255 -1.515298
1691654489.712403 2 28.035225 25.945877 1.030013
1691654489.812768 0 47.184743 11.471664 -3.048613
1691654489.812933 1 5.764910 11.904280 0.065629
1691654490.712686 2 28.035225 25.945877 1.030013
1691654490.712706 3 27.791096 12.410255 -1.515298
1691654490.811743 0 47.184743 11.471664 -3.048613
1691654490.812118 1 5.764910 11.904280 0.065629
1691654491.711525 3 27.791096 12.410255 -1.515298
1691654491.712338 2 28.035225 25.945877 1.030013
1691654491.811573 1 5.764910 11.904280 0.065629
1691654491.812416 0 47.184743 11.471664 -3.048613
1691654492.711905 3 27.791096 12.410255 -1.515298
1691654492.711926 2 28.035225 25.945877 1.030013
1691654492.812084 0 47.184743 11.471664 -3.048613
1691654492.812100 1 5.764910 11.904280 0.065629
1691654493.712271 3 27.791096 12.410255 -1.515298
1691654493.712400 2 28.035225 25.945877 1.030013
1691654493.813507 1 5.764910 11.904280 0.065629
1691654493.813542 0 47.184743 11.471664 -3.048613
1691654494.711815 3 27.791096 12.410255 -1.515298
1691654494.712598 2 28.035225 25.945877 1.030013
1691654494.812600 0 47.184743 11.471664 -3.048613
1691654494.812615 1 5.764910 11.904280 0.065629
1691654495.711753 3 27.791096 12.410255 -1.515298
1691654495.712512 2 28.035225 25.945877 1.030013
1691654495.811580 1 5.764910 11.904280 0.065629
1691654495.812397 0 47.184743 11.471664 -3.048613
1691654496.711612 3 27.791096 12.410255 -1.515298
1691654496.711628 2 28.035225 25.945877 1.030013
1691654496.811557 1 5.764910 11.904280 0.065629
1691654496.812306 0 47.184743 11.471664 -3.048613
1691654497.711761 2 28.035225 25.945877 1.030013
1691654497.711919 3 27.791096 12.410255 -1.515298
1691654497.813128 1 5.764910 11.904280 0.065629
1691654497.813256 0 47.184743 11.471664 -3.048613
1691654498.712124 3 27.791096 12.410255 -1.515298
1691654498.712141 2 28.035225 25.945877 1.030013
1691654498.812277 1 5.764910 11.904280 0.065629
1691654498.812303 0 47.184743 11.471664 -3.048613
1691654499.712927 2 28.035225 25.945877 1.030013
1691654499.713388 3 27.791096 12.410255 -1.515298
1691654499.811662 0 47.184743 11.471664 -3.048613
1691654499.811678 1 5.764910 11.904280 0.065629
1691654500.711745 2 28.035225 25.945877 1.030013
1691654500.711767 3 27.791096 12.410255 -1.515298
1691654500.811547 1 5.764910 11.904280 0.065629
1691654500.811573 0 47.184743 11.471664 -3.048613
1691654501.711668 3 27.791096 12.410255 -1.515298
1691654501.711709 2 28.035225 25.945877 1.030013
1691654501.811460 0 47.184743 11.471664 -3.048613
1691654501.811545 1 5.764910 11.904280 0.065629
1691654502.711717 2 28.035225 25.945877 1.030013
1691654502.711883 3 27.791096 12.410255 -1.515298
1691654502.812029 0 47.184743 11.471664 -3.048613
1691654502.812072 1 5.764910 11.904280 0.065629
1691654503.712130 3 27.791096 12.410255 -1.515298
1691654503.712151 2 28.035225 25.945877 1.030013
1691654503.811619 0 47.184743 11.471664 -3.048613
1691654503.811643 1 5.764910 11.904280 0.065629
1691654504.713298 2 28.035225 25.945877 1.030013
1691654504.713337 3 27.791096 12.410255 -1.515298
1691654504.812039 1 5.764910 11.904280 0.065629
1691654504.812337 0 47.184743 11.471664 -3.048613
1691654505.711632 2 28.035225 25.945877 1.030013
1691654505.712516 3 27.791096 12.410255 -1.515298
1691654505.812331 0 47.184743 11.471664 -3.048613
1691654505.812348 1 5.764910 11.904280 0.065629
1691654506.711480 2 28.035225 25.945877 1.030013
1691654506.711511 3 27.791096 12.410255 -1.515298
1691654506.811703 1 5.764910 11.904280 0.065629
1691654506.812263 0 47.184743 11.471664 -3.048613
1691654507.712310 2 28.035225 25.945877 1.030013
1691654507.712328 3 27.791096 12.410255 -1.515298
1691654507.812849 0 47.184743 11.471664 -3.048613
1691654507.813541 1 5.764910 11.904280 0.065629
1691654508.712501 3 27.791096 12.410255 -1.515298
1691654508.712518 2 28.035225 25.945877 1.030013
1691654508.813032 1 5.764910 11.904280 0.065629
1691654508.813096 0 47.184743 11.471664 -3.048613
1691654509.711760 2 28.035225 25.945877 1.030013
1691654509.711925 3 27.791096 12.410255 -1.515298
1691654509.811405 1 5.764910 11.904280 0.065629
1691654509.812501 0 47.184743 11.471664 -3.048613
1691654510.711697 3 27.791096 12.410255 -1.515298
1691654510.711720 2 28.035225 25.945877 1.030013
1691654510.813024 1 5.764910 11.904280 0.065629
1691654510.813066 0 47.184743 11.471664 -3.048613
1691654511.712272 2 28.035225 25.945877 1.030013
1691654511.712290 3 27.791096 12.410255 -1.515298
1691654511.812202 0 47.184743 11.471664 -3.048613
1691654511.812220 1 5.764910 11.904280 0.065629
1691654512.711906 3 27.791096 12.410255 -1.515298
1691654512.711936 2 28.035225 25.945877 1.030013
1691654512.811705 0 47.184743 11.471664 -3.048613
1691654512.811723 1 5.764910 11.904280 0.065629
1691654513.711676 3 27.791096 12.410255 -1.515298
1691654513.711767 2 28.035225 25.945877 1.030013
1691654513.811620 1 5.764910 11.904280 0.065629
1691654513.812472 0 47.184743 11.471664 -3.048613
1691654514.711559 3 27.791096 12.410255 -1.515298
1691654514.712375 2 28.035225 25.945877 1.030013
1691654514.811460 0 47.184743 11.471664 -3.048613
1691654514.811484 1 5.764910 11.904280 0.065629
1691654515.712620 2 28.035225 25.945877 1.030013
1691654515.712640 3 27.791096 12.410255 -1.515298
1691654515.812549 0 47.184743 11.471664 -3.048613
1691654515.812566 1 5.764910 11.904280 0.065629
1691654516.711667 3 27.791096 12.410255 -1.515298
1691654516.711704 2 28.035225 25.945877 1.030013
1691654516.813001 0 47.184743 11.471664 -3.048613
1691654516.813970 1 5.764910 11.904280 0.065629
1691654517.711877 3 27.791096 12.410255 -1.515298
1691654517.711901 2 28.035225 25.945877 1.030013
1691654517.811688 1 5.764910 11.904280 0.065629
1691654517.811705 0 47.184743 11.471664 -3.048613
1691654518.711714 2 28.035225 25.945877 1.030013
1691654518.711739 3 27.791096 12.410255 -1.515298
1691654518.812493 0 47.184743 11.471664 -3.048613
1691654518.812510 1 5.764910 11.904280 0.065629
1691654519.711530 2 28.035225 25.945877 1.030013
1691654519.711548 3 27.791096 12.410255 -1.515298
1691654519.812936 1 5.764910 11.904280 0.065629
1691654519.813479 0 47.184743 11.471664 -3.048613
1691654520.711881 2 28.035225 25.945877 1.030013
1691654520.711988 3 27.791096 12.410255 -1.515298
1691654520.813225 0 47.184743 11.471664 -3.048613
1691654520.813259 1 5.764910 11.904280 0.065629
1691654521.712480 3 27.791096 12.410255 -1.515298
1691654521.712496 2 28.035225 25.945877 1.030013
1691654521.813032 0 47.184743 11.471664 -3.048613
1691654521.813719 1 5.764910 11.904280 0.065629
1691654522.712178 2 28.035225 25.945877 1.030013
1691654522.712201 3 27.791096 12.410255 -1.515298
1691654522.812066 0 47.184743 11.471664 -3.048613
1691654522.812115 1 5.764910 11.904280 0.065629
1691654523.711899 3 27.791096 12.410255 -1.515298
1691654523.711916 2 28.035225 25.945877 1.030013
1691654523.813050 0 47.184743 11.471664 -3.048613
1691654523.813094 1 5.764910 11.904280 0.065629
1691654524.712394 3 27.791096 12.410255 -1.515298
1691654524.712411 2 28.035225 25.945877 1.030013
1691654524.811503 0 47.184743 11.471664 -3.048613
1691654524.812258 1 5.764910 11.904280 0.065629
1691654525.711757 2 28.035225 25.945877 1.030013
1691654525.711773 3 27.791096 12.410255 -1.515298
1691654525.811631 1 5.764910 11.904280 0.065629
1691654525.811648 0 47.184743 11.471664 -3.048613
1691654526.711682 2 28.035225 25.945877 1.030013
1691654526.711808 3 27.791096 12.410255 -1.515298
1691654526.812557 1 5.764910 11.904280 0.065629
1691654526.812573 0 47.184743 11.471664 -3.048613
1691654527.712114 2 28.035225 25.945877 1.030013
1691654527.712132 3 27.791096 12.410255 -1.515298
1691654527.812210 0 47.184743 11.471664 -3.048613
1691654527.812229 1 5.764910 11.904280 0.065629
1691654528.711743 3 27.791096 12.410255 -1.515298
1691654528.711911 2 28.035225 25.945877 1.030013
1691654528.811621 1 5.764910 11.904280 0.065629
1691654528.811639 0 47.184743 11.471664 -3.048613
1691654529.712888 2 28.035225 25.945877 1.030013
1691654529.712929 3 27.791096 12.410255 -1.515298
1691654529.811604 1 5.764910 11.904280 0.065629
1691654529.811715 0 47.184743 11.471664 -3.048613
1691654530.713382 2 28.035225 25.945877 1.030013
1691654530.713417 3 27.791096 12.410255 -1.515298
1691654530.811880 1 5.764910 11.904280 0.065629
1691654530.811896 0 47.184743 11.471664 -3.048613
1691654531.713008 3 27.791096 12.410255 -1.515298
1691654531.713040 2 28.035225 25.945877 1.030013
1691654531.811754 0 47.184743 11.471664 -3.048613
1691654531.811771 1 5.764910 11.904280 0.065629
1691654532.711905 3 27.791096 12.410255 -1.515298
1691654532.711921 2 28.035225 25.945877 1.030013
1691654532.811854 0 47.184743 11.471664 -3.048613
1691654532.811871 1 5.764910 11.904280 0.065629
1691654533.711628 3 27.791096 12.410255 -1.515298
1691654533.711645 2 28.035225 25.945877 1.030013
1691654533.812932 0 47.184743 11.471664 -3.048613
1691654533.812966 1 5.764910 11.904280 0.065629
1691654534.711861 2 28.035225 25.945877 1.030013
1691654534.711876 3 27.791096 12.410255 -1.515298
1691654534.813029 1 5.764910 11.904280 0.065629
1691654534.813296 0 47.184743 11.471664 -3.048613
1691654535.712206 2 28.035225 25.945877 1.030013
1691654535.712223 3 27.791096 12.410255 -1.515298
1691654535.812190 0 47.184743 11.471664 -3.048613
1691654535.813187 1 5.764910 11.904280 0.408261
1691654536.712175 3 27.791096 12.410255 -1.515298
1691654536.712191 2 28.035225 25.945877 1.030013
1691654536.812152 0 47.184743 11.471664 -3.048613
1691654536.812174 1 5.764910 11.904280 1.102472
1691654537.711945 3 27.791096 12.410255 -1.515298
1691654537.711967 2 28.035225 25.945877 1.030013
1691654537.811883 0 47.184743 11.471664 -3.048613
1691654537.811900 1 5.790963 12.039545 1.671419
1691654538.711737 3 27.791096 12.410255 -1.515298
1691654538.711761 2 28.035225 25.945877 1.030013
1691654538.812593 0 47.184743 11.471664 -3.048613
1691654538.812609 1 5.695422 12.221038 2.450671
1691654539.711640 2 28.035225 25.945877 1.030013
1691654539.711759 3 27.791096 12.410255 -1.515298
1691654539.812662 1 5.422078 12.324752 3.051524
1691654539.812694 0 47.184743 11.471664 -3.048613
1691654540.711784 2 28.035225 25.945877 1.030013
1691654540.711801 3 27.791096 12.410255 -1.515298
1691654540.812387 0 47.184743 11.471664 -3.048613
1691654540.812403 1 5.122499 12.323849 -3.059743
1691654541.712655 3 27.791096 12.410255 -1.515298
1691654541.712673 2 28.035225 25.945877 1.030013
1691654541.813003 0 47.184743 11.471664 -3.048613
1691654541.813049 1 4.823276 12.302275 -3.069619
1691654542.711863 2 28.035225 25.945877 1.030013
1691654542.711885 3 27.791096 12.410255 -1.515298
1691654542.811860 1 4.523993 12.281600 -3.079619
1691654542.811909 0 47.184743 11.471664 -3.048613
1691654543.711811 2 28.035225 25.945877 1.030013
1691654543.711846 3 27.791096 12.410255 -1.515298
1691654543.812416 0 47.184743 11.471664 -3.048613
1691654543.812434 1 4.226919 12.265756 -3.095408
1691654544.711828 2 28.035225 25.945877 1.030013
1691654544.712197 3 27.791096 12.410255 -1.515298
1691654544.811673 1 3.927239 12.251905 -3.095408
1691654544.811690 0 47.184743 11.471664 -3.048613
1691654545.711606 2 28.035225 25.945877 1.030013
1691654545.712276 3 27.791096 12.410255 -1.515298
1691654545.811914 0 47.184743 11.471664 -3.048613
1691654545.811991 1 3.627537 12.249765 3.036724
1691654546.711964 3 27.791096 12.410255 -1.515298
1691654546.712099 2 28.035225 25.945877 1.030013
1691654546.811704 1 3.338802 12.316397 2.715145
1691654546.811730 0 47.184743 11.471664 -3.048613
1691654547.711701 2 28.035225 25.945877 1.030013
1691654547.711873 3 27.791096 12.410255 -1.515298
1691654547.811702 1 3.091647 12.483100 2.343040
1691654547.811722 0 47.184743 11.471664 -3.048613
1691654548.711826 3 27.791096 12.410255 -1.515298
1691654548.711847 2 28.035225 25.945877 1.030013
1691654548.813771 1 2.919899 12.721478 2.035146
1691654548.813809 0 47.184743 11.471664 -3.048613
1691654549.713051 2 28.035225 25.945877 1.030013
1691654549.713220 3 27.791096 12.410255 -1.515298
1691654549.812629 1 2.804028 12.997693 1.854619
1691654549.812651 0 47.184743 11.471664 -3.048613
1691654550.711703 3 27.791096 12.410255 -1.515298
1691654550.711761 2 28.035225 25.945877 1.030013
1691654550.813763 1 2.727988 13.287856 1.814093
1691654550.813796 0 47.184743 11.471664 -3.048613
1691654551.712567 3 27.791096 12.410255 -1.515298
1691654551.712587 2 28.035225 25.945877 1.030013
1691654551.812531 1 2.668025 13.581708 1.724093
1691654551.812547 0 47.184743 11.471664 -3.048613
1691654552.712272 2 28.035225 25.945877 1.030013
1691654552.712287 3 27.791096 12.410255 -1.515298
1691654552.811773 0 47.184743 11.471664 -3.048613
1691654552.812340 1 2.626670 13.878828 1.704093
1691654553.712049 2 28.035225 25.945877 1.030013
1691654553.712065 3 27.791096 12.410255 -1.515298
1691654553.812074 1 2.590074 14.176580 1.684093
1691654553.812092 0 47.184743 11.471664 -3.048613
1691654554.712792 2 28.035225 25.945877 1.030013
1691654554.712809 3 27.791096 12.410255 -1.515298
1691654554.811809 1 2.556157 14.474657 1.684093
1691654554.811858 0 47.184743 11.471664 -3.048613
1691654555.712068 2 28.035225 25.945877 1.030013
1691654555.712089 3 27.791096 12.410255 -1.515298
1691654555.812173 1 2.522241 14.772733 1.684093
1691654555.812188 0 47.184743 11.471664 -3.048613
1691654556.713029 3 27.791096 12.410255 -1.515298
1691654556.713331 2 28.035225 25.945877 1.030013
1691654556.812004 0 47.184743 11.471664 -3.048613
1691654556.812024 1 2.488325 15.070810 1.684093
1691654557.711805 3 27.791096 12.410255 -1.515298
1691654557.712661 2 28.035225 25.945877 1.030013
1691654557.812645 0 47.184743 11.471664 -3.048613
1691654557.812667 1 2.454408 15.368887 1.684093
1691654558.711651 3 27.791096 12.410255 -1.515298
1691654558.711667 2 28.035225 25.945877 1.030013
1691654558.811663 1 2.422580 15.667187 1.654093
1691654558.811679 0 47.184743 11.471664 -3.048613
1691654559.712244 2 28.035225 25.945877 1.030013
1691654559.712439 3 27.791096 12.410255 -1.515298
1691654559.812207 1 2.396094 15.966013 1.641461
1691654559.812223 0 47.184743 11.471664 -3.048613
1691654560.713056 3 27.791096 12.410255 -1.515298
1691654560.713645 2 28.035225 25.945877 1.030013
1691654560.811775 0 47.184743 11.471664 -3.048613
1691654560.812577 1 2.375969 16.265327 1.632514
1691654561.713437 2 28.035225 25.945877 1.030013
1691654561.713635 3 27.791096 12.410255 -1.515298
1691654561.812545 1 2.357465 16.564756 1.632514
1691654561.812561 0 47.184743 11.471664 -3.048613
1691654562.712346 3 27.791096 12.410255 -1.515298
1691654562.712364 2 28.035225 25.945877 1.030013
1691654562.812406 1 2.338961 16.864185 1.632514
1691654562.812423 0 47.184743 11.471664 -3.048613
1691654563.712105 3 27.791096 12.410255 -1.515298
1691654563.712124 2 28.035225 25.945877 1.030013
1691654563.811620 0 47.184743 11.471664 -3.048613
1691654563.811637 1 2.323485 17.163774 1.614093
1691654564.711850 3 27.791096 12.410255 -1.515298
1691654564.711866 2 28.035225 25.945877 1.030013
1691654564.811738 0 47.184743 11.471664 -3.048613
1691654564.811761 1 2.315187 17.463654 1.595672
1691654565.711635 2 28.035225 25.945877 1.030013
1691654565.711660 3 27.791096 12.410255 -1.515298
1691654565.811878 1 2.307725 17.763561 1.595672
1691654565.812538 0 47.184743 11.471664 -3.048613
1691654566.712018 2 28.035225 25.945877 1.030013
1691654566.712040 3 27.791096 12.410255 -1.515298
1691654566.812089 0 47.184743 11.471664 -3.048613
1691654566.812143 1 2.300263 18.063469 1.595672
1691654567.713074 2 28.035225 25.945877 1.030013
1691654567.713123 3 27.791096 12.410255 -1.515298
1691654567.811766 0 47.184743 11.471664 -3.048613
1691654567.811784 1 2.301941 18.309719 1.550409
1691654568.712325 3 27.791096 12.410255 -1.515298
1691654568.712342 2 28.035225 25.945877 1.030013
1691654568.811939 0 47.184743 11.471664 -3.048613
1691654568.812592 1 2.301527 18.289391 1.550409
1691654569.712367 3 27.791096 12.410255 -1.515298
1691654569.712432 2 28.035225 25.945877 1.030013
1691654569.812381 1 2.301527 18.289391 1.550409
1691654569.812397 0 47.184743 11.471664 -3.048613
1691654570.711854 2 28.035225 25.945877 1.030013
1691654570.711875 3 27.791096 12.410255 -1.515298
1691654570.811772 0 47.184743 11.471664 -3.048613
1691654570.811791 1 2.301527 18.289391 1.550409
1691654571.711736 3 27.791096 12.410255 -1.515298
1691654571.712580 2 28.035225 25.945877 1.030013
1691654571.811728 0 47.184743 11.471664 -3.048613
1691654571.811744 1 2.301527 18.289391 1.550409
1691654572.712259 3 27.791096 12.410255 -1.515298
1691654572.712276 2 28.035225 25.945877 1.030013
1691654572.813846 1 2.301527 18.289391 1.550409
1691654572.814536 0 47.184743 11.471664 -3.048613
1691654573.713262 3 27.791096 12.410255 -1.515298
1691654573.713293 2 28.035225 25.945877 1.030013
1691654573.813316 0 47.184743 11.471664 -3.048613
1691654573.813340 1 2.301527 18.289391 1.550409
1691654574.712918 3 27.791096 12.410255 -1.515298
1691654574.712945 2 28.035225 25.945877 1.030013
1691654574.811449 1 2.301527 18.289391 1.550409
1691654574.811467 0 47.184743 11.471664 -3.048613
1691654575.711603 3 27.791096 12.410255 -1.515298
1691654575.711627 2 28.035225 25.945877 1.030013
1691654575.811664 0 47.184743 11.471664 -3.048613
1691654575.812411 1 2.301527 18.289391 1.550409
1691654576.713402 3 27.791096 12.410255 -1.515298
1691654576.713773 2 28.035225 25.945877 1.030013
1691654576.812014 1 2.301527 18.289391 1.550409
1691654576.812032 0 47.184743 11.471664 -3.048613
1691654577.712179 3 27.791096 12.410255 -1.515298
1691654577.712196 2 28.035225 25.945877 1.030013
1691654577.811853 0 47.184743 11.471664 -3.048613
1691654577.811869 1 2.301527 18.289391 1.550409
1691654578.712322 2 28.035225 25.945877 1.030013
1691654578.712343 3 27.791096 12.410255 -1.515298
1691654578.812146 1 2.301527 18.289391 1.550409
1691654578.812190 0 47.184743 11.471664 -3.048613
1691654579.713251 2 28.035225 25.945877 1.030013
1691654579.713350 3 27.791096 12.410255 -1.515298
1691654579.811759 1 2.301527 18.289391 1.550409
1691654579.811779 0 47.184743 11.471664 -3.048613
1691654580.712409 3 27.791096 12.410255 -1.515298
1691654580.712433 2 28.035225 25.945877 1.030013
1691654580.811604 0 47.184743 11.471664 -3.048613
1691654580.812215 1 2.301527 18.289391 1.550409
1691654581.711932 2 28.035225 25.945877 1.030013
1691654581.711949 3 27.791096 12.410255 -1.515298
1691654581.811941 0 47.184743 11.471664 -3.048613
1691654581.811958 1 2.301527 18.289391 1.550409
1691654582.712348 3 27.791096 12.410255 -1.515298
1691654582.712364 2 28.035225 25.945877 1.030013
1691654582.812415 0 47.184743 11.471664 -3.048613
1691654582.812432 1 2.301527 18.289391 1.550409
1691654583.713041 2 28.035225 25.945877 1.030013
1691654583.713146 3 27.791096 12.410255 -1.515298
1691654583.812420 0 47.184743 11.471664 -3.048613
1691654583.812736 1 2.301527 18.289391 1.550409
1691654584.712745 3 27.791096 12.410255 -1.515298
1691654584.713407 2 28.035225 25.945877 1.030013
1691654584.812217 1 2.301527 18.289391 1.550409
1691654584.812236 0 47.184743 11.471664 -3.048613
1691654585.711974 3 27.791096 12.410255 -1.515298
1691654585.711999 2 28.035225 25.945877 1.030013
1691654585.811989 0 47.184743 11.471664 -3.048613
1691654585.812022 1 2.301527 18.289391 1.550409
1691654586.713072 3 27.791096 12.410255 -1.515298
1691654586.713138 2 28.035225 25.945877 1.030013
1691654586.811751 0 47.184743 11.471664 -3.048613
1691654586.812184 1 2.301527 18.289391 1.550409
1691654587.711570 3 27.791096 12.410255 -1.515298
1691654587.711664 2 28.035225 25.945877 1.030013
1691654587.812370 0 47.184743 11.471664 -3.048613
1691654587.812419 1 2.301527 18.289391 1.550409
1691654588.711825 3 27.791096 12.410255 -1.515298
1691654588.711848 2 28.035225 25.945877 1.030013
1691654588.811517 1 2.301527 18.289391 1.550409
1691654588.811533 0 47.184743 11.471664 -3.048613
1691654589.711921 2 28.035225 25.945877 1.030013
1691654589.712024 3 27.791096 12.410255 -1.515298
1691654589.812077 0 47.184743 11.471664 -3.048613
1691654589.812094 1 2.301527 18.289391 1.550409
1691654590.712031 3 27.791096 12.410255 -1.515298
1691654590.712049 2 28.035225 25.945877 1.030013
1691654590.812174 0 47.184743 11.471664 -3.048613
1691654590.812195 1 2.301527 18.289391 1.550409
1691654591.712365 2 28.035225 25.945877 1.030013
1691654591.712388 3 27.791096 12.410255 -1.515298
1691654591.812495 1 2.301527 18.289391 1.550409
1691654591.812512 0 47.184743 11.471664 -3.048613
1691654592.711581 2 28.035225 25.945877 1.030013
1691654592.711664 3 27.791096 12.410255 -1.515298
1691654592.811505 0 47.184743 11.471664 -3.048613
1691654592.811580 1 2.301527 18.289391 1.550409
1691654593.713150 3 27.791096 12.410255 -1.515298
1691654593.713345 2 28.035225 25.945877 1.030013
1691654593.812402 0 47.184743 11.471664 -3.048613
1691654593.812424 1 2.301527 18.289391 1.550409
1691654594.713158 2 28.035225 25.945877 1.030013
1691654594.713576 3 27.791096 12.410255 -1.515298
1691654594.811921 0 47.184743 11.471664 -3.048613
1691654594.811937 1 2.301527 18.289391 1.550409
1691654595.711714 2 28.035225 25.945877 1.030013
1691654595.711734 3 27.791096 12.410255 -1.515298
1691654595.811686 1 2.301527 18.289391 1.550409
1691654595.811711 0 47.184743 11.471664 -3.048613
1691654596.712468 3 27.791096 12.410255 -1.515298
1691654596.712501 2 28.035225 25.945877 1.030013
1691654596.812413 1 2.301527 18.289391 1.550409
1691654596.812446 0 47.184743 11.471664 -3.048613
1691654597.711509 3 27.791096 12.410255 -1.515298
1691654597.711655 2 28.035225 25.945877 1.030013
1691654597.812314 1 2.301527 18.289391 1.550409
1691654597.812330 0 47.184743 11.471664 -3.048613
1691654598.711873 2 28.035225 25.945877 1.030013
1691654598.711896 3 27.791096 12.410255 -1.515298
1691654598.813392 1 2.301527 18.289391 1.550409
1691654598.813437 0 47.184743 11.471664 -3.048613
1691654599.712419 2 28.035225 25.945877 1.030013
1691654599.712450 3 27.791096 12.410255 -1.515298
1691654599.812490 0 47.184743 11.471664 -3.048613
1691654599.812506 1 2.301527 18.289391 1.550409
1691654600.712418 2 28.035225 25.945877 1.030013
1691654600.712435 3 27.791096 12.410255 -1.515298
1691654600.811630 1 2.301527 18.289391 1.550409
1691654600.812500 0 47.184743 11.471664 -3.048613
1691654601.711652 3 27.791096 12.410255 -1.515298
1691654601.711675 2 28.035225 25.945877 1.030013
1691654601.811603 1 2.301527 18.289391 1.550409
1691654601.812587 0 47.184743 11.471664 -3.048613
1691654602.711791 2 28.035225 25.945877 1.030013
1691654602.711848 3 27.791096 12.410255 -1.515298
1691654602.811987 0 47.184743 11.471664 -3.048613
1691654602.812007 1 2.301527 18.289391 1.550409
1691654603.712204 2 28.035225 25.945877 1.030013
1691654603.712222 3 27.791096 12.410255 -1.515298
1691654603.811891 1 2.301527 18.289391 1.550409
1691654603.812350 0 47.184743 11.471664 -3.048613
1691654604.712992 3 27.791096 12.410255 -1.515298
1691654604.713651 2 28.035225 25.945877 1.030013
1691654604.812373 1 2.301527 18.289391 1.550409
1691654604.812389 0 47.184743 11.471664 -3.048613
1691654605.711601 3 27.791096 12.410255 -1.515298
1691654605.711625 2 28.035225 25.945877 1.030013
1691654605.811593 1 2.301527 18.289391 1.550409
1691654605.811642 0 47.184743 11.471664 -3.048613
1691654606.711901 3 27.791096 12.410255 -1.515298
1691654606.711935 2 28.035225 25.945877 1.030013
1691654606.812358 1 2.301527 18.289391 1.550409
1691654606.812406 0 47.184743 11.471664 -3.048613
1691654607.711983 2 28.035225 25.945877 1.030013
1691654607.712831 3 27.791096 12.410255 -1.515298
1691654607.811770 0 47.184743 11.471664 -3.048613
1691654607.811788 1 2.301527 18.289391 1.550409
1691654608.711750 3 27.791096 12.410255 -1.515298
1691654608.711768 2 28.035225 25.945877 1.030013
1691654608.811681 0 47.184743 11.471664 -3.048613
1691654608.812516 1 2.301527 18.289391 1.550409
1691654609.711470 2 28.035225 25.945877 1.030013
1691654609.712416 3 27.791096 12.410255 -1.515298
1691654609.811905 0 47.184743 11.471664 -3.048613
1691654609.811930 1 2.301527 18.289391 1.550409
1691654610.711707 2 28.035225 25.945877 1.030013
1691654610.712464 3 27.791096 12.410255 -1.515298
1691654610.811651 0 47.184743 11.471664 -3.048613
1691654610.811668 1 2.301527 18.289391 1.550409
1691654611.712188 3 27.791096 12.410255 -1.515298
1691654611.712321 2 28.035225 25.945877 1.030013
1691654611.811883 0 47.184743 11.471664 -3.048613
1691654611.811905 1 2.301527 18.289391 1.550409
1691654612.712226 2 28.035225 25.945877 1.030013
1691654612.712301 3 27.791096 12.410255 -1.515298
1691654612.812103 1 2.301527 18.289391 1.550409
1691654612.812118 0 47.184743 11.471664 -3.048613
1691654613.712151 3 27.791096 12.410255 -1.515298
1691654613.712168 2 28.035225 25.945877 1.030013
1691654613.812233 1 2.301527 18.289391 1.550409
1691654613.812248 0 47.184743 11.471664 -3.048613
1691654614.711766 2 28.035225 25.945877 1.030013
1691654614.711790 3 27.791096 12.410255 -1.515298
1691654614.811641 0 47.184743 11.471664 -3.048613
1691654614.812481 1 2.301527 18.289391 1.550409
1691654615.713057 2 28.035225 25.945877 1.030013
1691654615.713319 3 27.791096 12.410255 -1.515298
1691654615.812548 0 47.184743 11.471664 -3.048613
1691654615.812564 1 2.301527 18.289391 1.550409
1691654616.711863 3 27.791096 12.410255 -1.515298
1691654616.711880 2 28.035225 25.945877 1.030013
1691654616.811941 0 47.184743 11.471664 -3.048613
1691654616.811958 1 2.301527 18.289391 1.550409
1691654617.713558 3 27.791096 12.410255 -1.515298
1691654617.713951 2 28.035225 25.945877 1.030013
1691654617.811581 1 2.301527 18.289391 1.550409
1691654617.811602 0 47.184743 11.471664 -3.048613
1691654618.712512 3 27.791096 12.410255 -1.515298
1691654618.712527 2 28.035225 25.945877 1.030013
1691654618.812317 0 47.184743 11.471664 -3.048613
1691654618.812333 1 2.301527 18.289391 1.550409
1691654619.711776 2 28.035225 25.945877 1.030013
1691654619.711792 3 27.791096 12.410255 -1.515298
1691654619.812052 1 2.301527 18.289391 1.550409
1691654619.812067 0 47.184743 11.471664 -3.048613
1691654620.713189 2 28.035225 25.945877 1.030013
1691654620.713700 3 27.791096 12.410255 -1.515298
1691654620.811581 0 47.184743 11.471664 -3.048613
1691654620.812500 1 2.301527 18.289391 1.550409
1691654621.711888 3 27.791096 12.410255 -1.515298
1691654621.711944 2 28.035225 25.945877 1.030013
1691654621.811842 1 2.301527 18.289391 1.550409
1691654621.811859 0 47.184743 11.471664 -3.048613
1691654622.711519 2 28.035225 25.945877 1.030013
1691654622.711806 3 27.791096 12.410255 -1.515298
1691654622.813091 0 47.184743 11.471664 -3.048613
1691654622.813286 1 2.301527 18.289391 1.550409
1691654623.712128 3 27.791096 12.410255 -1.515298
1691654623.712147 2 28.035225 25.945877 1.030013
1691654623.811962 1 2.301527 18.289391 1.550409
1691654623.811982 0 47.184743 11.471664 -3.048613
1691654624.711428 3 27.791096 12.410255 -1.515298
1691654624.712218 2 28.035225 25.945877 1.030013
1691654624.813101 0 47.184743 11.471664 -3.048613
1691654624.813118 1 2.301527 18.289391 1.550409
1691654625.712145 3 27.791096 12.410255 -1.515298
1691654625.712257 2 28.035225 25.945877 1.030013
1691654625.812871 0 47.184743 11.471664 -3.048613
1691654625.813366 1 2.301527 18.289391 1.550409
1691654626.712131 2 28.035225 25.945877 1.030013
1691654626.712501 3 27.791096 12.410255 -1.515298
1691654626.811917 0 47.184743 11.471664 -3.048613
1691654626.811933 1 2.301527 18.289391 1.550409
1691654627.711797 2 28.035225 25.945877 1.030013
1691654627.711975 3 27.791096 12.410255 -1.515298
1691654627.812518 1 2.301527 18.289391 1.550409
1691654627.812536 0 47.184743 11.471664 -3.048613
1691654628.713621 2 28.035225 25.945877 1.030013
1691654628.713656 3 27.791096 12.410255 -1.515298
1691654628.811997 0 47.184743 11.471664 -3.048613
1691654628.813002 1 2.301527 18.289391 1.550409
1691654629.711804 3 27.791096 12.410255 -1.515298
1691654629.711820 2 28.035225 25.945877 1.030013
1691654629.813150 1 2.301527 18.289391 1.550409
1691654629.813225 0 47.184743 11.471664 -3.048613
1691654630.711711 2 28.035225 25.945877 1.030013
1691654630.712410 3 27.791096 12.410255 -1.515298
1691654630.812007 0 47.184743 11.471664 -3.048613
1691654630.812024 1 2.301527 18.289391 1.550409
1691654631.713742 2 28.035225 25.945877 1.030013
1691654631.713789 3 27.791096 12.410255 -1.515298
1691654631.812014 1 2.301527 18.289391 1.550409
1691654631.812039 0 47.184743 11.471664 -3.048613
1691654632.713080 3 27.791096 12.410255 -1.515298
1691654632.713318 2 28.035225 25.945877 1.030013
1691654632.811592 1 2.301527 18.289391 1.550409
1691654632.812263 0 47.184743 11.471664 -3.048613
1691654633.711582 3 27.791096 12.410255 -1.515298
1691654633.711609 2 28.035225 25.945877 1.030013
1691654633.812495 1 2.301527 18.289391 1.550409
1691654633.812517 0 47.184743 11.471664 -3.048613
1691654634.712976 3 27.791096 12.410255 -1.515298
1691654634.713102 2 28.035225 25.945877 1.030013
1691654634.812608 0 47.184743 11.471664 -3.048613
1691654634.813042 1 2.301527 18.289391 1.550409
1691654635.711547 2 28.035225 25.945877 1.030013
1691654635.712492 3 27.791096 12.410255 -1.515298
1691654635.812173 0 47.184743 11.471664 -3.048613
1691654635.812212 1 2.301527 18.289391 1.550409
1691654636.712726 3 27.791096 12.410255 -1.515298
1691654636.712773 2 28.035225 25.945877 1.030013
1691654636.811771 1 2.301527 18.289391 1.550409
1691654636.811794 0 47.184743 11.471664 -3.048613
1691654637.711544 2 28.035225 25.945877 1.030013
1691654637.711573 3 27.791096 12.410255 -1.515298
1691654637.811585 1 2.301527 18.289391 1.550409
1691654637.811606 0 47.184743 11.471664 -3.048613
1691654638.713128 3 27.791096 12.410255 -1.515298
1691654638.713462 2 28.035225 25.945877 1.030013
1691654638.812454 1 2.301527 18.289391 1.550409
1691654638.812470 0 47.184743 11.471664 -3.048613
1691654639.711668 2 28.035225 25.945877 1.030013
1691654639.712501 3 27.791096 12.410255 -1.515298
1691654639.813448 0 47.184743 11.471664 -3.048613
1691654639.813559 1 2.301527 18.289391 1.550409
1691654640.711468 3 27.791096 12.410255 -1.515298
1691654640.712286 2 28.035225 25.945877 1.030013
1691654640.811491 1 2.301527 18.289391 1.550409
1691654640.812425 0 47.184743 11.471664 -3.048613
1691654641.713129 3 27.791096 12.410255 -1.515298
1691654641.713993 2 28.035225 25.945877 1.030013
1691654641.811615 1 2.301527 18.289391 1.550409
1691654641.811641 0 47.184743 11.471664 -3.048613
1691654642.711948 3 27.791096 12.410255 -1.515298
1691654642.711972 2 28.035225 25.945877 1.030013
1691654642.811829 0 47.184743 11.471664 -3.048613
1691654642.811870 1 2.301527 18.289391 1.550409
1691654643.711658 3 27.791096 12.410255 -1.515298
1691654643.712469 2 28.035225 25.945877 1.030013
1691654643.812874 1 2.301527 18.289391 1.550409
1691654643.813187 0 47.184743 11.471664 -3.048613
1691654644.711593 3 27.791096 12.410255 -1.515298
1691654644.711610 2 28.035225 25.945877 1.030013
1691654644.813889 0 47.184743 11.471664 -3.048613
1691654644.813944 1 2.301527 18.289391 1.550409
1691654645.712284 2 28.035225 25.945877 1.030013
1691654645.712859 3 27.791096 12.410255 -1.515298
1691654645.811597 1 2.301527 18.289391 1.550409
1691654645.812230 0 47.184743 11.471664 -3.048613
1691654646.711519 2 28.035225 25.945877 1.030013
1691654646.712381 3 27.791096 12.410255 -1.515298
1691654646.812757 1 2.301527 18.289391 1.550409
1691654646.812798 0 47.184743 11.471664 -3.048613
1691654647.711730 3 27.791096 12.410255 -1.515298
1691654647.711746 2 28.035225 25.945877 1.030013
1691654647.811840 1 2.301527 18.289391 1.550409
1691654647.811855 0 47.184743 11.471664 -3.048613
1691654648.712203 2 28.035225 25.945877 1.030013
1691654648.712227 3 27.791096 12.410255 -1.515298
1691654648.813334 1 2.301527 18.289391 1.550409
1691654648.813378 0 47.184743 11.471664 -3.048613
1691654649.713510 3 27.791096 12.410255 -1.515298
1691654649.713542 2 28.035225 25.945877 1.030013
1691654649.812532 1 2.301527 18.289391 1.550409
1691654649.812551 0 47.184743 11.471664 -3.048613
1691654650.712122 2 28.035225 25.945877 1.030013
1691654650.712141 3 27.791096 12.410255 -1.515298
1691654650.811771 1 2.301527 18.289391 1.550409
1691654650.811793 0 47.184743 11.471664 -3.048613
1691654651.712937 3 27.791096 12.410255 -1.515298
1691654651.713116 2 28.035225 25.945877 1.030013
1691654651.814109 0 47.184743 11.471664 -3.048613
1691654651.814145 1 2.301527 18.289391 1.550409
1691654652.712560 2 28.194741 26.018931 0.057908
1691654652.712632 3 27.791096 12.410255 -1.515298
1691654652.812117 1 2.301527 18.289391 1.550409
1691654652.812137 0 47.184743 11.471664 -3.048613
1691654653.711738 2 28.466479 25.949164 -0.540860
1691654653.712556 3 27.791096 12.410255 -1.515298
1691654653.812627 1 2.301527 18.289391 1.550409
1691654653.812645 0 47.184743 11.471664 -3.048613
1691654654.711640 3 27.791096 12.410255 -1.515298
1691654654.711658 2 28.724427 25.791420 -0.595955
1691654654.811774 0 47.184743 11.471664 -3.048613
1691654654.811791 1 2.301527 18.289391 1.550409
1691654655.712223 2 28.973379 25.628551 -0.573324
1691654655.712272 3 27.791096 12.410255 -1.515298
1691654655.812267 1 2.301527 18.289391 1.550409
1691654655.812326 0 47.184743 11.471664 -3.048613
1691654656.712324 2 29.223855 25.468029 -0.556482
1691654656.712381 3 27.791096 12.410255 -1.515298
1691654656.811808 0 47.184743 11.471664 -3.048613
1691654656.811862 1 2.301527 18.289391 1.550409
1691654657.711630 3 27.791096 12.410255 -1.515298
1691654657.711689 2 29.471852 25.312939 -0.551745
1691654657.811574 1 2.301527 18.289391 1.550409
1691654657.811593 0 47.184743 11.471664 -3.048613
1691654658.711666 2 29.726551 25.154420 -0.559113
1691654658.711814 3 27.791096 12.410255 -1.515298
1691654658.813206 1 2.301527 18.289391 1.550409
1691654658.813242 0 47.184743 11.471664 -3.048613
1691654659.711552 2 29.976862 24.998313 -0.559640
1691654659.712366 3 27.791096 12.410255 -1.515298
1691654659.812525 1 2.301527 18.289391 1.550409
1691654659.812543 0 47.184743 11.471664 -3.048613
1691654660.711587 2 30.231360 24.839479 -0.580166
1691654660.711613 3 27.791096 12.410255 -1.515298
1691654660.811680 1 2.301527 18.289391 1.550409
1691654660.812515 0 47.184743 11.471664 -3.048613
1691654661.712289 3 27.791096 12.410255 -1.515298
1691654661.712461 2 30.472864 24.661871 -0.727008
1691654661.812031 0 47.184743 11.471664 -3.048613
1691654661.812047 1 2.301527 18.289391 1.550409
1691654662.711849 3 27.791096 12.410255 -1.515298
1691654662.711867 2 30.674556 24.440986 -0.982271
1691654662.811857 0 47.184743 11.471664 -3.048613
1691654662.811878 1 2.301527 18.289391 1.550409
1691654663.711869 3 27.791096 12.410255 -1.515298
1691654663.711892 2 30.808771 24.173410 -1.210166
1691654663.812966 0 47.184743 11.471664 -3.048613
1691654663.813643 1 2.301527 18.289391 1.550409
1691654664.711885 2 30.913415 23.894938 -1.220166
1691654664.711905 3 27.791096 12.410255 -1.515298
1691654664.811481 0 47.184743 11.471664 -3.048613
1691654664.811555 1 2.301527 18.289391 1.550409
1691654665.712279 2 31.010235 23.611003 -1.270166
1691654665.712305 3 27.791096 12.410255 -1.515298
1691654665.813014 1 2.301527 18.289391 1.550409
1691654665.813032 0 47.184743 11.471664 -3.048613
1691654666.712538 3 27.791096 12.410255 -1.515298
1691654666.712556 2 31.095461 23.331208 -1.300166
1691654666.812558 1 2.301527 18.289391 1.550409
1691654666.812574 0 47.184743 11.471664 -3.048613
1691654667.711821 2 31.175486 23.039491 -1.310166
1691654667.712590 3 27.791096 12.410255 -1.515298
1691654667.812114 0 47.184743 11.471664 -3.048613
1691654667.812521 1 2.301527 18.289391 1.550409
1691654668.712230 2 31.250180 22.748946 -1.330166
1691654668.712253 3 27.791096 12.410255 -1.515298
1691654668.812031 1 2.301527 18.289391 1.550409
1691654668.812054 0 47.184743 11.471664 -3.048613
1691654669.711693 3 27.791096 12.410255 -1.515298
1691654669.711720 2 31.320215 22.457240 -1.340166
1691654669.811738 0 47.184743 11.471664 -3.048613
1691654669.811866 1 2.301527 18.289391 1.550409
1691654670.712247 3 27.791096 12.410255 -1.515298
1691654670.712344 2 31.382976 22.166446 -1.370166
1691654670.812283 0 47.184743 11.471664 -3.048613
1691654670.812303 1 2.301527 18.289391 1.550409
1691654671.711991 2 31.439523 21.871831 -1.390166
1691654671.712009 3 27.791096 12.410255 -1.515298
1691654671.811857 1 2.301527 18.289391 1.550409
1691654671.811875 0 47.184743 11.471664 -3.048613
1691654672.712325 2 31.490310 21.578703 -1.420166
1691654672.712349 3 27.791096 12.410255 -1.515298
1691654672.812302 1 2.301527 18.289391 1.550409
1691654672.812321 0 47.184743 11.471664 -3.048613
1691654673.711960 3 27.791096 12.410255 -1.515298
1691654673.711985 2 31.536217 21.282242 -1.440166
1691654673.812012 0 47.184743 11.471664 -3.048613
1691654673.812029 1 2.301527 18.289391 1.550409
1691654674.711682 2 31.576484 20.984960 -1.440166
1691654674.712561 3 27.791096 12.410255 -1.515298
1691654674.811736 1 2.301527 18.289391 1.550409
1691654674.811752 0 47.184743 11.471664 -3.048613
1691654675.712063 3 27.791096 12.410255 -1.515298
1691654675.712080 2 31.615561 20.687516 -1.440166
1691654675.811787 0 47.184743 11.471664 -3.048613
1691654675.811815 1 2.301527 18.289391 1.550409
1691654676.712089 2 31.654639 20.390073 -1.440166
1691654676.712113 3 27.791096 12.410255 -1.515298
1691654676.812110 0 47.184743 11.471664 -3.048613
1691654676.812126 1 2.301527 18.289391 1.550409
1691654677.712314 2 31.692526 20.092478 -1.450166
1691654677.712335 3 27.791096 12.410255 -1.515298
1691654677.812279 1 2.301527 18.289391 1.550409
1691654677.812295 0 47.184743 11.471664 -3.048613
1691654678.711898 2 31.724753 19.794220 -1.470166
1691654678.711915 3 27.791096 12.410255 -1.515298
1691654678.811978 1 2.301527 18.289391 1.550409
1691654678.811996 0 47.184743 11.471664 -3.048613
1691654679.712334 2 31.752203 19.495480 -1.480166
1691654679.712374 3 27.791096 12.410255 -1.515298
1691654679.812452 0 47.184743 11.471664 -3.048613
1691654679.812468 1 2.301527 18.289391 1.550409
1691654680.712584 2 31.779355 19.196711 -1.480166
1691654680.712607 3 27.791096 12.410255 -1.515298
1691654680.812727 0 47.184743 11.471664 -3.048613
1691654680.812771 1 2.301527 18.289391 1.550409
1691654681.711680 3 27.791096 12.410255 -1.515298
1691654681.712393 2 31.806507 18.897943 -1.480166
1691654681.812536 1 2.301527 18.289391 1.550409
1691654681.812682 0 47.184743 11.471664 -3.048613
1691654682.712352 2 31.834162 18.599222 -1.463850
1691654682.712377 3 27.791096 12.410255 -1.515298
1691654682.812751 1 2.301527 18.289391 1.550409
1691654682.813295 0 47.184743 11.471664 -3.048613
1691654683.712002 2 31.864614 18.300771 -1.469113
1691654683.712049 3 27.791096 12.410255 -1.515298
1691654683.811726 0 47.184743 11.471664 -3.048613
1691654683.811746 1 2.301527 18.289391 1.550409
1691654684.711632 2 31.895067 18.002321 -1.469113
1691654684.712487 3 27.791096 12.410255 -1.515298
1691654684.812782 0 47.184743 11.471664 -3.048613
1691654684.812815 1 2.301527 18.289391 1.550409
1691654685.711951 2 31.927638 17.704105 -1.442797
1691654685.711970 3 27.791096 12.410255 -1.515298
1691654685.812221 0 47.184743 11.471664 -3.048613
1691654685.812361 1 2.301527 18.289391 1.550409
1691654686.712303 3 27.791096 12.410255 -1.515298
1691654686.712318 2 31.965008 17.406442 -1.434903
1691654686.812019 0 47.184743 11.471664 -3.048613
1691654686.812045 1 2.301527 18.289391 1.550409
1691654687.712348 3 27.791096 12.410255 -1.515298
1691654687.712544 2 32.006400 17.109322 -1.408587
1691654687.813197 0 47.184743 11.471664 -3.048613
1691654687.813246 1 2.301527 18.289391 1.550409
1691654688.711785 3 27.791096 12.410255 -1.515298
1691654688.711807 2 32.052059 16.812817 -1.407008
1691654688.811795 1 2.301527 18.289391 1.550409
1691654688.811853 0 47.184743 11.471664 -3.048613
1691654689.713052 3 27.791096 12.410255 -1.515298
1691654689.713924 2 32.104381 16.522538 -1.361218
1691654689.812481 0 47.184743 11.471664 -3.048613
1691654689.812497 1 2.301527 18.289391 1.550409
1691654690.713109 3 27.791096 12.410255 -1.515298
1691654690.713820 2 32.169651 16.227180 -1.328587
1691654690.811617 1 2.301527 18.289391 1.550409
1691654690.812621 0 47.184743 11.471664 -3.048613
1691654691.712027 3 27.791096 12.410255 -1.515298
1691654691.712051 2 32.247270 15.945232 -1.261745
1691654691.812158 0 47.184743 11.471664 -3.048613
1691654691.812173 1 2.301527 18.289391 1.550409
1691654692.711837 2 32.340959 15.665559 -1.204903
1691654692.711854 3 27.791096 12.410255 -1.515298
1691654692.811747 1 2.301527 18.289391 1.550409
1691654692.812725 0 47.184743 11.471664 -3.048613
1691654693.712110 3 27.791096 12.410255 -1.515298
1691654693.712133 2 32.447368 15.390449 -1.171745
1691654693.813392 0 47.184743 11.471664 -3.048613
1691654693.813428 1 2.301527 18.289391 1.550409
1691654694.711866 2 32.570030 15.122265 -1.075429
1691654694.711891 3 27.791096 12.410255 -1.515298
1691654694.813137 1 2.301527 18.289391 1.550409
1691654694.813188 0 47.184743 11.471664 -3.048613
1691654695.712257 2 32.726002 14.866208 -0.958061
1691654695.712273 3 27.791096 12.410255 -1.515298
1691654695.813004 1 2.301527 18.289391 1.550409
1691654695.813807 0 47.184743 11.471664 -3.048613
1691654696.714078 2 32.895953 14.618993 -0.958587
1691654696.714130 3 27.791096 12.410255 -1.515298
1691654696.811811 0 47.184743 11.471664 -3.048613
1691654696.812778 1 2.301527 18.289391 1.550409
1691654697.712453 3 27.791096 12.410255 -1.515298
1691654697.712488 2 33.057102 14.369035 -1.079113
1691654697.812233 1 2.301527 18.289391 1.550409
1691654697.812253 0 47.184743 11.471664 -3.048613
1691654698.712305 3 27.791096 12.410255 -1.515298
1691654698.712322 2 33.168470 14.091170 -1.297534
1691654698.811956 0 47.184743 11.471664 -3.048613
1691654698.811990 1 2.301527 18.289391 1.550409
1691654699.712135 2 33.224868 13.796745 -1.457534
1691654699.712155 3 27.791096 12.410255 -1.515298
1691654699.813221 1 2.301527 18.289391 1.550409
1691654699.813272 0 47.184743 11.471664 -3.048613
1691654700.712275 2 33.250404 13.497966 -1.527534
1691654700.712298 3 27.791096 12.410255 -1.515298
1691654700.812247 1 2.301527 18.289391 1.550409
1691654700.812262 0 47.184743 11.471664 -3.048613
1691654701.711655 2 33.247183 13.198032 -1.597534
1691654701.712584 3 27.791096 12.410255 -1.515298
1691654701.811646 0 47.184743 11.471664 -3.048613
1691654701.812546 1 2.301527 18.289391 1.550409
1691654702.711536 3 27.791096 12.410255 -1.515298
1691654702.712459 2 33.210187 12.903250 -1.794376
1691654702.811658 0 47.184743 11.471664 -3.048613
1691654702.812481 1 2.301527 18.289391 1.550409
1691654703.712096 2 33.098728 12.628801 -2.131745
1691654703.712121 3 27.791096 12.410255 -1.515298
1691654703.812101 1 2.301527 18.289391 1.550409
1691654703.812117 0 47.184743 11.471664 -3.048613
1691654704.712637 2 32.899779 12.409932 -2.511218
1691654704.712653 3 27.791096 12.410255 -1.515298
1691654704.813079 1 2.301527 18.289391 1.550409
1691654704.813920 0 47.184743 11.471664 -3.048613
1691654705.712483 3 27.791096 12.410255 -1.515298
1691654705.712505 2 32.638124 12.270455 -2.795955
1691654705.812379 1 2.301527 18.289391 1.550409
1691654705.812394 0 47.184743 11.471664 -3.048613
1691654706.711872 2 32.348023 12.195698 -2.981745
1691654706.711889 3 27.791096 12.410255 -1.515298
1691654706.811916 1 2.301527 18.289391 1.550409
1691654706.811935 0 47.184743 11.471664 -3.048613
1691654707.713012 3 27.791096 12.410255 -1.515298
1691654707.713033 2 32.051407 12.151218 -3.021745
1691654707.812676 0 47.184743 11.471664 -3.048613
1691654707.812927 1 2.301527 18.289391 1.550409
1691654708.711949 2 31.752373 12.128129 -3.088587
1691654708.712193 3 27.791096 12.410255 -1.515298
1691654708.812019 0 47.184743 11.471664 -3.048613
1691654708.812038 1 2.301527 18.289391 1.550409
1691654709.712586 2 31.452803 12.112077 -3.088060
1691654709.712610 3 27.791096 12.410255 -1.515298
1691654709.813406 1 2.301527 18.289391 1.550409
1691654709.813527 0 47.184743 11.471664 -3.048613
1691654710.712644 3 27.791096 12.410255 -1.515298
1691654710.712956 2 31.153233 12.096025 -3.088060
1691654710.812973 0 47.184743 11.471664 -3.048613
1691654710.813126 1 2.301527 18.289391 0.850409
1691654711.712332 3 27.791096 12.410255 -1.515298
1691654711.712362 2 30.853663 12.079973 -3.088060
1691654711.813442 0 47.184743 11.471664 -3.048613
1691654711.813840 1 2.370343 18.307250 -0.149591
1691654712.711644 3 27.791096 12.410255 -1.515298
1691654712.711663 2 30.553917 12.067817 -3.120166
1691654712.813428 1 2.551173 18.163973 -1.138566
1691654712.813586 0 47.184743 11.471664 -3.048613
1691654713.711921 3 27.791096 12.410255 -1.515298
1691654713.711947 2 30.254046 12.059022 -3.112271
1691654713.813119 0 47.184743 11.471664 -3.048613
1691654713.813317 1 2.615332 17.880141 -1.564107
1691654714.711842 2 29.954701 12.039630 -3.061218
1691654714.711866 3 27.791096 12.410255 -1.515298
1691654714.813717 1 2.580684 17.585344 -1.779370
1691654714.813753 0 47.184743 11.471664 -3.048613
1691654715.711637 3 27.791096 12.410255 -1.515298
1691654715.711699 2 29.655644 12.015859 -3.062271
1691654715.811734 1 2.508340 17.294229 -1.839370
1691654715.812670 0 47.184743 11.471664 -3.048613
1691654716.712302 3 27.791096 12.410255 -1.515298
1691654716.712319 2 29.356591 11.992040 -3.059113
1691654716.813555 0 47.184743 11.471664 -3.048613
1691654716.813593 1 2.437240 17.047685 -1.853580
1691654717.712802 3 27.791096 12.410255 -1.515298
1691654717.713761 2 29.058830 11.955784 -2.982797
1691654717.812401 1 2.437542 17.048723 -1.853580
1691654717.812421 0 47.184743 11.471664 -3.048613
1691654718.712019 3 27.791096 12.410255 -1.515298
1691654718.712042 2 28.765355 11.894393 -2.864376
1691654718.811974 1 2.437542 17.048723 -1.853580
1691654718.811990 0 47.184743 11.471664 -3.048613
1691654719.712456 2 28.476479 11.813492 -2.894376
1691654719.712481 3 27.791096 12.410255 -1.515298
1691654719.812217 0 47.184743 11.471664 -3.048613
1691654719.812235 1 2.437542 17.048723 -1.853580
1691654720.713576 2 28.191502 11.742389 -2.930166
1691654720.713612 3 27.791096 12.410255 -1.515298
1691654720.811826 0 47.184743 11.471664 -3.048613
1691654720.811855 1 2.437542 17.048723 -1.853580
1691654721.713124 3 27.791096 12.410255 -1.515298
1691654721.713169 2 27.895504 11.694459 -3.047534
1691654721.811980 0 47.184743 11.471664 -3.048613
1691654721.811997 1 2.437542 17.048723 -1.853580
1691654722.712415 2 27.595908 11.681125 -3.135955
1691654722.712451 3 27.791096 12.410255 -1.515298
1691654722.813581 1 2.437542 17.048723 -1.853580
1691654722.813617 0 47.184743 11.471664 -3.048613
1691654723.713001 3 27.791096 12.410255 -1.515298
1691654723.713347 2 27.295953 11.682148 3.066704
1691654723.811687 0 47.184743 11.471664 -3.048613
1691654723.812541 1 2.437542 17.048723 -1.853580
1691654724.712193 2 26.996299 11.696557 3.093546
1691654724.712253 3 27.791096 12.410255 -1.515298
1691654724.811748 0 47.184743 11.471664 -3.048613
1691654724.811763 1 2.437542 17.048723 -1.853580
1691654725.712851 2 26.696718 11.712163 3.043546
1691654725.713757 3 27.791096 12.410255 -1.515298
1691654725.812120 1 2.437542 17.048723 -1.853580
1691654725.812138 0 47.184743 11.471664 -3.048613
1691654726.713418 3 27.791096 12.410255 -1.515298
1691654726.713474 2 26.397488 11.733616 3.076178
1691654726.812312 1 2.437542 17.048723 -1.853580
1691654726.812348 0 47.184743 11.471664 -3.048613
1691654727.711893 3 27.791096 12.410255 -1.515298
1691654727.711910 2 26.100434 11.749801 3.102493
1691654727.811746 0 47.184743 11.471664 -3.048613
1691654727.811767 1 2.437542 17.048723 -1.853580
1691654728.712318 3 27.791096 12.410255 -1.515298
1691654728.712341 2 25.800581 11.758876 3.121967
1691654728.813577 0 47.184743 11.471664 -3.048613
1691654728.813612 1 2.437542 17.048723 -1.853580
1691654729.711536 2 25.500596 11.761385 3.139862
1691654729.712414 3 27.791096 12.410255 -1.515298
1691654729.811835 1 2.437542 17.048723 -1.853580
1691654729.811855 0 47.184743 11.471664 -3.048613
1691654730.712036 3 27.791096 12.410255 -1.515298
1691654730.712112 2 25.200597 11.760909 -3.141218
1691654730.811893 0 47.184743 11.471664 -3.048613
1691654730.811910 1 2.437542 17.048723 -1.853580
1691654731.713048 2 24.900602 11.761902 3.135651
1691654731.713608 3 27.791096 12.410255 -1.515298
1691654731.811745 0 47.184743 11.471664 -3.048613
1691654731.811761 1 2.437542 17.048723 -1.853580
1691654732.712590 2 24.600608 11.763685 3.135651
1691654732.712607 3 27.791096 12.410255 -1.515298
1691654732.811624 1 2.437542 17.048723 -1.853580
1691654732.811645 0 47.184743 11.471664 -3.048613
1691654733.711622 2 24.300613 11.765467 3.135651
1691654733.712616 3 27.791096 12.410255 -1.515298
1691654733.814104 1 2.437542 17.048723 -1.853580
1691654733.814136 0 47.184743 11.471664 -3.048613
1691654734.713701 2 24.006868 11.767212 3.135651
1691654734.713744 3 27.791096 12.410255 -1.515298
1691654734.811758 1 2.437542 17.048723 -1.853580
1691654734.811774 0 47.184743 11.471664 -3.048613
1691654735.711605 2 23.713123 11.768958 3.135651
1691654735.712564 3 27.791096 12.410255 -1.515298
1691654735.812901 1 2.437542 17.048723 -1.853580
1691654735.812947 0 47.184743 11.471664 -3.048613
1691654736.711752 3 27.791096 12.410255 -1.515298
1691654736.712530 2 23.413127 11.767882 -3.134376
1691654736.811733 1 2.437542 17.048723 -1.853580
1691654736.811750 0 47.184743 11.471664 -3.048613
1691654737.711699 2 23.113145 11.764770 -3.133850
1691654737.712475 3 27.791096 12.410255 -1.515298
1691654737.812066 0 47.184743 11.471664 -3.048613
1691654737.812084 1 2.437542 17.048723 -1.853580
1691654738.712865 3 27.791096 12.410255 -1.515298
1691654738.713534 2 22.813152 11.762873 3.135651
1691654738.812021 0 47.184743 11.471664 -3.048613
1691654738.812038 1 2.437542 17.048723 -1.853580
1691654739.711899 2 22.513155 11.761782 -3.139113
1691654739.712563 3 27.791096 12.410255 -1.515298
1691654739.812093 0 47.184743 11.471664 -3.048613
1691654739.812109 1 2.437542 17.048723 -1.853580
1691654740.712908 2 22.213157 11.760912 -3.139639
1691654740.713404 3 27.791096 12.410255 -1.515298
1691654740.812035 1 2.437542 17.048723 -1.853580
1691654740.812623 0 47.184743 11.471664 -3.048613
1691654741.712232 3 27.791096 12.410255 -1.515298
1691654741.712255 2 21.915658 11.760790 3.140914
1691654741.811986 1 2.437542 17.048723 -1.853580
1691654741.812003 0 47.184743 11.471664 -3.048613
1691654742.712070 2 21.615659 11.760836 3.140388
1691654742.712088 3 27.791096 12.410255 -1.515298
1691654742.812092 1 2.437542 17.048723 -1.853580
1691654742.812139 0 47.184743 11.471664 -3.048613
1691654743.711657 3 27.791096 12.410255 -1.515298
1691654743.712214 2 21.318166 11.762299 3.134072
1691654743.812478 1 2.437542 17.048723 -1.853580
1691654743.812633 0 47.184743 11.471664 -3.048613
1691654744.712470 3 27.791096 12.410255 -1.515298
1691654744.712554 2 21.018167 11.762092 -3.139113
1691654744.812773 0 47.184743 11.471664 -3.048613
1691654744.813717 1 2.437542 17.048723 -1.853580
1691654745.711919 2 20.718169 11.761190 -3.139639
1691654745.711936 3 27.791096 12.410255 -1.515298
1691654745.811732 1 2.437542 17.048723 -1.853580
1691654745.811751 0 47.184743 11.471664 -3.048613
1691654746.711719 2 20.418176 11.762704 3.133546
1691654746.712309 3 27.791096 12.410255 -1.515298
1691654746.812907 0 47.184743 11.471664 -3.048613
1691654746.813798 1 2.437542 17.048723 -1.853580
1691654747.713171 2 20.118186 11.765118 3.133546
1691654747.713267 3 27.791096 12.410255 -1.515298
1691654747.812420 1 2.437542 17.048723 -1.853580
1691654747.812463 0 47.184743 11.471664 -3.048613
1691654748.711655 3 27.791096 12.410255 -1.515298
1691654748.711817 2 19.818196 11.767532 3.133546
1691654748.812625 1 2.437542 17.048723 -1.853580
1691654748.812641 0 47.184743 11.471664 -3.048613
1691654749.712327 2 19.518205 11.769946 3.133546
1691654749.712343 3 27.791096 12.410255 -1.515298
1691654749.812355 1 2.437542 17.048723 -1.853580
1691654749.812371 0 47.184743 11.471664 -3.048613
1691654750.712415 2 19.218215 11.772360 3.133546
1691654750.712440 3 27.791096 12.410255 -1.515298
1691654750.811835 0 47.184743 11.471664 -3.048613
1691654750.811852 1 2.437542 17.048723 -1.853580
1691654751.713504 2 18.918225 11.774774 3.133546
1691654751.713768 3 27.791096 12.410255 -1.515298
1691654751.811913 0 47.184743 11.471664 -3.048613
1691654751.811932 1 2.437542 17.048723 -1.853580
1691654752.713522 3 27.791096 12.410255 -1.515298
1691654752.713652 2 18.618235 11.777188 3.133546
1691654752.811852 0 47.184743 11.471664 -3.048613
1691654752.811925 1 2.437542 17.048723 -1.853580
1691654753.712076 2 18.318248 11.779902 3.113546
1691654753.712094 3 27.791096 12.410255 -1.515298
1691654753.812469 0 47.184743 11.471664 -3.048613
1691654753.812486 1 2.437542 17.048723 -1.853580
1691654754.712268 3 27.791096 12.410255 -1.515298
1691654754.712285 2 18.018700 11.795855 3.077230
1691654754.812856 0 47.184743 11.471664 -3.048613
1691654754.813185 1 2.437542 17.048723 -1.853580
1691654755.711859 3 27.791096 12.410255 -1.515298
1691654755.712582 2 17.719321 11.815150 3.077230
1691654755.812629 0 47.184743 11.471664 -3.048613
1691654755.812645 1 2.437542 17.048723 -1.853580
1691654756.713046 2 17.419838 11.832696 3.094072
1691654756.713080 3 27.791096 12.410255 -1.515298
1691654756.811789 1 2.437542 17.048723 -1.853580
1691654756.811810 0 47.184743 11.471664 -3.048613
1691654757.711657 2 17.120053 11.843870 3.117757
1691654757.711750 3 27.791096 12.410255 -1.515298
1691654757.811914 0 47.184743 11.471664 -3.048613
1691654757.812563 1 2.437542 17.048723 -1.853580
1691654758.711746 3 27.791096 12.410255 -1.515298
1691654758.711770 2 16.820097 11.848794 3.134072
1691654758.811664 1 2.437542 17.048723 -1.853580
1691654758.811722 0 47.184743 11.471664 -3.048613
1691654759.712407 3 27.791096 12.410255 -1.515298
1691654759.712430 2 16.520100 11.849898 -3.141218
1691654759.812291 0 47.184743 11.471664 -3.048613
1691654759.812310 1 2.437542 17.048723 -1.853580
1691654760.712538 2 16.220100 11.849628 -3.140692
1691654760.712699 3 27.791096 12.410255 -1.515298
1691654760.812502 1 2.437542 17.048723 -1.853580
1691654760.812525 0 47.184743 11.471664 -3.048613
1691654761.711654 2 15.920100 11.849357 -3.140692
1691654761.712555 3 27.791096 12.410255 -1.515298
1691654761.812624 1 2.437542 17.048723 -1.853580
1691654761.812647 0 47.184743 11.471664 -3.048613
1691654762.711744 3 27.791096 12.410255 -1.515298
1691654762.711767 2 15.620101 11.849087 -3.140692
1691654762.812543 0 47.184743 11.471664 -3.048613
1691654762.812559 1 2.437542 17.048723 -1.853580
1691654763.711818 2 15.320101 11.848817 -3.140692
1691654763.711835 3 27.791096 12.410255 -1.515298
1691654763.811788 1 2.437542 17.048723 -1.853580
1691654763.811804 0 47.184743 11.471664 -3.048613
1691654764.712224 3 27.791096 12.410255 -1.515298
1691654764.712456 2 15.020101 11.848547 -3.140692
1691654764.811689 1 2.437542 17.048723 -1.853580
1691654764.811765 0 47.184743 11.471664 -3.048613
1691654765.711664 2 14.720101 11.848276 -3.140692
1691654765.711683 3 27.791096 12.410255 -1.515298
1691654765.813843 1 2.437542 17.048723 -1.853580
1691654765.813877 0 47.184743 11.471664 -3.048613
1691654766.711809 2 14.420101 11.848006 -3.140692
1691654766.711833 3 27.791096 12.410255 -1.515298
1691654766.811810 0 47.184743 11.471664 -3.048613
1691654766.811827 1 2.437542 17.048723 -1.853580
1691654767.711626 2 14.120101 11.847736 -3.140692
1691654767.712473 3 27.791096 12.410255 -1.515298
1691654767.812192 0 47.184743 11.471664 -3.048613
1691654767.812217 1 2.437542 17.048723 -1.853580
1691654768.711812 3 27.791096 12.410255 -1.515298
1691654768.711829 2 13.820101 11.847466 -3.140692
1691654768.812046 1 2.437542 17.048723 -1.853580
1691654768.812064 0 47.184743 11.471664 -3.048613
1691654769.711711 3 27.791096 12.410255 -1.515298
1691654769.712604 2 13.520101 11.847196 -3.140692
1691654769.812590 0 47.184743 11.471664 -3.048613
1691654769.812684 1 2.437542 17.048723 -1.853580
1691654770.713222 3 27.791096 12.410255 -1.515298
1691654770.713275 2 13.220102 11.846925 -3.140692
1691654770.811754 1 2.437542 17.048723 -1.853580
1691654770.811871 0 47.184743 11.471664 -3.048613
1691654771.712033 2 12.920102 11.846655 -3.140692
1691654771.712055 3 27.791096 12.410255 -1.515298
1691654771.812015 0 47.184743 11.471664 -3.048613
1691654771.812038 1 2.437542 17.048723 -1.853580
1691654772.711775 2 12.620102 11.846385 -3.140692
1691654772.711792 3 27.791096 12.410255 -1.515298
1691654772.812861 0 47.184743 11.471664 -3.048613
1691654772.813894 1 2.437542 17.048723 -1.853580
1691654773.711848 3 27.791096 12.410255 -1.515298
1691654773.711871 2 12.320102 11.846115 -3.140692
1691654773.811687 0 47.184743 11.471664 -3.048613
1691654773.812413 1 2.437542 17.048723 -1.853580
1691654774.712404 3 27.791096 12.410255 -1.515298
1691654774.712596 2 12.020102 11.845845 -3.140692
1691654774.812142 1 2.437542 17.048723 -1.853580
1691654774.812158 0 47.184743 11.471664 -3.048613
1691654775.711791 2 11.720102 11.845574 -3.140692
1691654775.711809 3 27.791096 12.410255 -1.515298
1691654775.812867 1 2.437542 17.048723 -1.853580
1691654775.812887 0 47.184743 11.471664 -3.048613
1691654776.712610 3 27.791096 12.410255 -1.515298
1691654776.712626 2 11.420102 11.845304 -3.140692
1691654776.812045 1 2.437542 17.048723 -1.853580
1691654776.812060 0 47.184743 11.471664 -3.048613
1691654777.712129 2 11.120102 11.845034 -3.140692
1691654777.712151 3 27.791096 12.410255 -1.515298
1691654777.811685 0 47.184743 11.471664 -3.048613
1691654777.811708 1 2.437542 17.048723 -1.853580
1691654778.713413 3 27.791096 12.410255 -1.515298
1691654778.713430 2 10.820103 11.844764 -3.140692
1691654778.811766 0 47.184743 11.471664 -3.048613
1691654778.811784 1 2.437542 17.048723 -1.853580
1691654779.713140 3 27.791096 12.410255 -1.515298
1691654779.713427 2 10.520103 11.844493 -3.140692
1691654779.811796 0 47.184743 11.471664 -3.048613
1691654779.812425 1 2.437542 17.048723 -1.853580
1691654780.711905 3 27.791096 12.410255 -1.515298
1691654780.711922 2 10.220103 11.844223 -3.140692
1691654780.812029 1 2.437542 17.048723 -1.853580
1691654780.812129 0 47.184743 11.471664 -3.048613
1691654781.711811 2 9.920103 11.843953 -3.140692
1691654781.711834 3 27.791096 12.410255 -1.515298
1691654781.813047 0 47.184743 11.471664 -3.048613
1691654781.813105 1 2.437542 17.048723 -1.853580
1691654782.711716 3 27.791096 12.410255 -1.515298
1691654782.712593 2 9.620103 11.843683 -3.140692
1691654782.811609 1 2.437542 17.048723 -1.853580
1691654782.812550 0 47.184743 11.471664 -3.048613
1691654783.713130 2 9.320103 11.843413 -3.140692
1691654783.713243 3 27.791096 12.410255 -1.515298
1691654783.812021 0 47.184743 11.471664 -3.048613
1691654783.812036 1 2.437542 17.048723 -1.853580
1691654784.712468 2 9.020103 11.843142 -3.140692
1691654784.712489 3 27.791096 12.410255 -1.515298
1691654784.811748 0 47.184743 11.471664 -3.048613
1691654784.812589 1 2.437542 17.048723 -1.853580
1691654785.712252 2 8.720103 11.842872 -3.140692
1691654785.712270 3 27.791096 12.410255 -1.515298
1691654785.812081 0 47.184743 11.471664 -3.048613
1691654785.812098 1 2.437542 17.048723 -1.853580
1691654786.713172 2 8.420104 11.842602 -3.140692
1691654786.713821 3 27.791096 12.410255 -1.515298
1691654786.811907 1 2.437542 17.048723 -1.853580
1691654786.811929 0 47.184743 11.471664 -3.048613
1691654787.711920 3 27.791096 12.410255 -1.515298
1691654787.712522 2 8.120104 11.842332 -3.140692
1691654787.811788 1 2.437542 17.048723 -1.853580
1691654787.811805 0 47.184743 11.471664 -3.048613
1691654788.712221 2 7.820104 11.842061 -3.140692
1691654788.712237 3 27.791096 12.410255 -1.515298
1691654788.812204 0 47.184743 11.471664 -3.048613
1691654788.812225 1 2.437542 17.048723 -1.853580
1691654789.711850 3 27.791096 12.410255 -1.515298
1691654789.711871 2 7.520104 11.841791 -3.140692
1691654789.811785 0 47.184743 11.471664 -3.048613
1691654789.811811 1 2.437542 17.048723 -1.853580
1691654790.712178 2 7.220104 11.841521 -3.140692
1691654790.712314 3 27.791096 12.410255 -1.515298
1691654790.812378 1 2.437542 17.048723 -1.853580
1691654790.812397 0 47.184743 11.471664 -3.048613
1691654791.711797 2 6.920104 11.841251 -3.140692
1691654791.711812 3 27.791096 12.410255 -1.515298
1691654791.811827 0 47.184743 11.471664 -3.048613
1691654791.811844 1 2.437542 17.048723 -1.853580
1691654792.712425 3 27.791096 12.410255 -1.515298
1691654792.712449 2 6.620104 11.840981 -3.140692
1691654792.813363 1 2.437542 17.048723 -1.853580
1691654792.813396 0 47.184743 11.471664 -3.048613
1691654793.711874 3 27.791096 12.410255 -1.515298
1691654793.711891 2 6.320104 11.840710 -3.140692
1691654793.811679 0 47.184743 11.471664 -3.048613
1691654793.811702 1 2.437542 17.048723 -1.853580
1691654794.712201 2 6.020104 11.840440 -3.140692
1691654794.712224 3 27.791096 12.410255 -1.515298
1691654794.812177 1 2.437542 17.048723 -1.853580
1691654794.812226 0 47.184743 11.471664 -3.048613
1691654795.711943 2 5.720105 11.840170 -3.140692
1691654795.711966 3 27.791096 12.410255 -1.515298
1691654795.811749 1 2.437542 17.048723 -1.853580
1691654795.811768 0 47.184743 11.471664 -3.048613
1691654796.712224 3 27.791096 12.410255 -1.515298
1691654796.712241 2 5.420105 11.839900 -3.140692
1691654796.812384 1 2.437542 17.048723 -1.853580
1691654796.812401 0 47.184743 11.471664 -3.048613
1691654797.711674 2 5.120105 11.839629 -3.140692
1691654797.712147 3 27.791096 12.410255 -1.515298
1691654797.811657 1 2.437542 17.048723 -1.853580
1691654797.812526 0 47.184743 11.471664 -3.048613
1691654798.711738 3 27.791096 12.410255 -1.515298
1691654798.711760 2 4.820106 11.839659 3.122493
1691654798.813057 0 47.184743 11.471664 -3.048613
1691654798.813454 1 2.437542 17.048723 -1.853580
1691654799.711741 3 27.791096 12.410255 -1.515298
1691654799.711999 2 4.525008 11.874357 2.957757
1691654799.812717 0 47.184743 11.471664 -3.048613
1691654799.812956 1 2.437542 17.048723 -1.853580
1691654800.711756 3 27.791096 12.410255 -1.515298
1691654800.711774 2 4.230362 11.930748 2.940914
1691654800.811644 1 2.437542 17.048723 -1.853580
1691654800.811670 0 47.184743 11.471664 -3.048613
1691654801.712784 2 3.939093 11.991286 2.922493
1691654801.713251 3 27.791096 12.410255 -1.515298
1691654801.811854 1 2.437542 17.048723 -1.853580
1691654801.812255 0 47.184743 11.471664 -3.048613
1691654802.711694 2 3.650456 12.063021 2.834599
1691654802.711711 3 27.791096 12.410255 -1.515298
1691654802.811769 0 47.184743 11.471664 -3.048613
1691654802.811786 1 2.437542 17.048723 -1.853580
1691654803.711946 3 27.791096 12.410255 -1.515298
1691654803.711970 2 3.375986 12.176233 2.615125
1691654803.812100 0 47.184743 11.471664 -3.048613
1691654803.812117 1 2.437542 17.048723 -1.853580
1691654804.712014 2 3.140485 12.360018 2.318809
1691654804.712039 3 27.791096 12.410255 -1.515298
1691654804.812245 1 2.437542 17.048723 -1.853580
1691654804.812264 0 47.184743 11.471664 -3.048613
1691654805.711800 2 2.978160 12.610597 1.969862
1691654805.712639 3 27.791096 12.410255 -1.515298
1691654805.811737 0 47.184743 11.471664 -3.048613
1691654805.812613 1 2.437542 17.048723 -1.853580
1691654806.712041 3 27.791096 12.410255 -1.515298
1691654806.712110 2 2.879128 12.893433 1.848809
1691654806.812268 0 47.184743 11.471664 -3.048613
1691654806.812291 1 2.437542 17.048723 -1.853580
1691654807.712940 2 2.803849 13.181240 1.798809
1691654807.713941 3 27.791096 12.410255 -1.515298
1691654807.812086 0 47.184743 11.471664 -3.048613
1691654807.812103 1 2.437542 17.048723 -1.853580
1691654808.712425 3 27.791096 12.410255 -1.515298
1691654808.712487 2 2.736332 13.473527 1.768809
1691654808.812161 0 47.184743 11.471664 -3.048613
1691654808.812177 1 2.437542 17.048723 -1.853580
1691654809.712045 3 27.791096 12.410255 -1.515298
1691654809.712084 2 2.677394 13.762573 1.748809
1691654809.812017 0 47.184743 11.471664 -3.048613
1691654809.812034 1 2.437542 17.048723 -1.853580
1691654810.713411 3 27.791096 12.410255 -1.515298
1691654810.713460 2 2.627347 14.030435 1.748809
1691654810.812677 0 47.184743 11.471664 -3.048613
1691654810.812699 1 2.437542 17.048723 -1.853580
1691654811.712480 2 2.578388 14.356757 1.708809
1691654811.712503 3 27.791096 12.410255 -1.515298
1691654811.812407 0 47.184743 11.471664 -3.048613
1691654811.812423 1 2.437542 17.048723 -1.853580
1691654812.713123 2 2.539228 14.654190 1.700915
1691654812.713304 3 27.791096 12.410255 -1.515298
1691654812.811772 1 2.437542 17.048723 -1.853580
1691654812.812706 0 47.184743 11.471664 -3.048613
1691654813.712862 3 27.791096 12.410255 -1.515298
1691654813.713703 2 2.483038 14.946164 1.813020
1691654813.811675 0 47.184743 11.471664 -3.048613
1691654813.811700 1 2.437542 17.048723 -1.853580
1691654814.712039 3 27.791096 12.410255 -1.515298
1691654814.712069 2 2.407014 15.236349 1.854072
1691654814.813393 0 47.184743 11.471664 -3.048613
1691654814.813428 1 2.437542 17.048723 -1.853580
1691654815.712456 3 27.791096 12.410255 -1.515298
1691654815.712473 2 2.322892 15.524308 1.875651
1691654815.813479 1 2.437542 17.048723 -1.853580
1691654815.813541 0 47.184743 11.471664 -3.048613
1691654816.713516 3 27.791096 12.410255 -1.515298
1691654816.713551 2 2.229777 15.806841 1.915125
1691654816.812280 1 2.437542 17.048723 -1.853580
1691654816.812611 0 47.184743 11.471664 -3.048613
1691654817.713132 2 2.124472 16.078361 1.953546
1691654817.713546 3 27.791096 12.410255 -1.515298
1691654817.811551 0 47.184743 11.471664 -3.048613
1691654817.811885 1 2.437542 17.048723 -1.853580
1691654818.712177 2 2.014784 16.344110 1.947230
1691654818.712193 3 27.791096 12.410255 -1.515298
1691654818.811764 0 47.184743 11.471664 -3.048613
1691654818.812309 1 2.437542 17.048723 -1.853580
1691654819.712141 3 27.791096 12.410255 -1.515298
1691654819.712165 2 1.918246 16.627936 1.827757
1691654819.811960 0 47.184743 11.471664 -3.048613
1691654819.811985 1 2.437542 17.048723 -1.853580
1691654820.712154 2 1.868170 16.920886 1.660915
1691654820.712375 3 27.791096 12.410255 -1.515298
1691654820.812135 1 2.437542 17.048723 -1.853580
1691654820.812151 0 47.184743 11.471664 -3.048613
1691654821.713568 3 27.791096 12.410255 -1.515298
1691654821.713760 2 1.867377 17.220598 1.448283
1691654821.811786 1 2.437542 17.048723 -1.853580
1691654821.812196 0 47.184743 11.471664 -3.048613
1691654822.711755 2 1.897326 17.516534 1.443020
1691654822.712622 3 27.791096 12.410255 -1.515298
1691654822.811797 0 47.184743 11.471664 -3.048613
1691654822.811820 1 2.437542 17.048723 -1.853580
1691654823.711685 2 1.954339 17.810837 1.318809
1691654823.712605 3 27.791096 12.410255 -1.515298
1691654823.812575 0 47.184743 11.471664 -3.048613
1691654823.812706 1 2.437542 17.048723 -1.853580
1691654824.712986 2 2.036771 18.096657 1.256178
1691654824.713602 3 27.791096 12.410255 -1.515298
1691654824.811975 0 47.184743 11.471664 -3.048613
1691654824.811991 1 2.437542 17.048723 -1.853580
1691654825.712688 2 2.130354 18.332536 1.164599
1691654825.712706 3 27.791096 12.410255 -1.515298
1691654825.812597 0 47.184743 11.471664 -3.048613
1691654825.812613 1 2.437542 17.048723 -1.853580
1691654826.711978 3 27.791096 12.410255 -1.515298
1691654826.711995 2 2.129151 18.329740 1.164599
1691654826.813205 0 47.184743 11.471664 -3.048613
1691654826.813246 1 2.437542 17.048723 -1.853580
1691654827.711845 3 27.791096 12.410255 -1.515298
1691654827.711946 2 2.129151 18.329740 1.164599
1691654827.811771 1 2.437542 17.048723 -1.853580
1691654827.811787 0 47.184743 11.471664 -3.048613
1691654828.711874 3 27.791096 12.410255 -1.515298
1691654828.711893 2 2.129151 18.329740 1.164599
1691654828.811857 0 47.184743 11.471664 -3.048613
1691654828.811873 1 2.437542 17.048723 -1.853580
1691654829.712162 2 2.129151 18.329740 1.164599
1691654829.712186 3 27.791096 12.410255 -1.515298
1691654829.812208 1 2.437542 17.048723 -1.853580
1691654829.812378 0 47.184743 11.471664 -3.048613
1691654830.712173 3 27.791096 12.410255 -1.515298
1691654830.712746 2 2.129151 18.329740 1.164599
1691654830.811812 0 47.184743 11.471664 -3.048613
1691654830.811827 1 2.437542 17.048723 -1.853580
1691654831.713049 2 2.129151 18.329740 1.164599
1691654831.713109 3 27.791096 12.410255 -1.515298
1691654831.811582 0 47.184743 11.471664 -3.048613
1691654831.812590 1 2.437542 17.048723 -1.853580
1691654832.711841 2 2.129151 18.329740 1.164599
1691654832.711865 3 27.791096 12.410255 -1.515298
1691654832.811840 1 2.437542 17.048723 -1.853580
1691654832.811883 0 47.184743 11.471664 -3.048613
1691654833.712969 2 2.129151 18.329740 1.164599
1691654833.713165 3 27.791096 12.410255 -1.515298
1691654833.811624 1 2.437542 17.048723 -1.853580
1691654833.811649 0 47.184743 11.471664 -3.048613
1691654834.711684 2 2.129151 18.329740 1.164599
1691654834.711768 3 27.791096 12.410255 -1.515298
1691654834.812529 1 2.437542 17.048723 -1.853580
1691654834.812545 0 47.184743 11.471664 -3.048613
1691654835.712894 2 2.129151 18.329740 1.164599
1691654835.713176 3 27.791096 12.410255 -1.515298
1691654835.812505 0 47.184743 11.471664 -3.048613
1691654835.812523 1 2.437542 17.048723 -1.853580
1691654836.711992 2 2.129151 18.329740 1.164599
1691654836.712009 3 27.791096 12.410255 -1.515298
1691654836.811706 0 47.184743 11.471664 -3.048613
1691654836.811731 1 2.437542 17.048723 -1.853580
1691654837.712168 3 27.791096 12.410255 -1.515298
1691654837.712185 2 2.129151 18.329740 1.164599
1691654837.811831 0 47.184743 11.471664 -3.048613
1691654837.811847 1 2.437542 17.048723 -1.853580
1691654838.712852 3 27.791096 12.410255 -1.515298
1691654838.712914 2 2.129151 18.329740 1.164599
1691654838.811795 0 47.184743 11.471664 -3.048613
1691654838.812488 1 2.437542 17.048723 -1.853580
1691654839.711767 2 2.129151 18.329740 1.164599
1691654839.711788 3 27.791096 12.410255 -1.515298
1691654839.811722 0 47.184743 11.471664 -3.048613
1691654839.811738 1 2.437542 17.048723 -1.853580
1691654840.711667 3 27.791096 12.410255 -1.515298
1691654840.711693 2 2.129151 18.329740 1.164599
1691654840.812422 1 2.437542 17.048723 -1.853580
1691654840.812442 0 47.184743 11.471664 -3.048613
1691654841.711657 3 27.791096 12.410255 -1.515298
1691654841.711704 2 2.129151 18.329740 1.164599
1691654841.812497 1 2.437542 17.048723 -1.853580
1691654841.812518 0 47.184743 11.471664 -3.048613
1691654842.712243 2 2.129151 18.329740 1.164599
1691654842.712260 3 27.791096 12.410255 -1.515298
1691654842.812381 0 47.184743 11.471664 -3.048613
1691654842.812396 1 2.437542 17.048723 -1.853580
1691654843.712182 3 27.791096 12.410255 -1.515298
1691654843.712208 2 2.129151 18.329740 1.164599
1691654843.812035 0 47.184743 11.471664 -3.048613
1691654843.812052 1 2.437542 17.048723 -1.853580
1691654844.713519 3 27.791096 12.410255 -1.515298
1691654844.713564 2 2.129151 18.329740 1.164599
1691654844.811680 1 2.437542 17.048723 -1.853580
1691654844.811698 0 47.184743 11.471664 -3.048613
1691654845.711856 3 27.791096 12.410255 -1.515298
1691654845.711880 2 2.129151 18.329740 1.164599
1691654845.812959 0 47.184743 11.471664 -3.048613
1691654845.813009 1 2.437542 17.048723 -1.853580
1691654846.711628 2 2.129151 18.329740 1.164599
1691654846.712489 3 27.791096 12.410255 -1.515298
1691654846.811674 0 47.184743 11.471664 -3.048613
1691654846.812644 1 2.437542 17.048723 -1.853580
1691654847.712580 2 2.129151 18.329740 1.164599
1691654847.712604 3 27.791096 12.410255 -1.515298
1691654847.812145 1 2.437542 17.048723 -1.853580
1691654847.812176 0 47.184743 11.471664 -3.048613
1691654848.713551 3 27.791096 12.410255 -1.515298
1691654848.713778 2 2.129151 18.329740 1.164599
1691654848.811605 0 47.184743 11.471664 -3.048613
1691654848.811623 1 2.437542 17.048723 -1.853580
1691654849.711660 2 2.129151 18.329740 1.164599
1691654849.711678 3 27.791096 12.410255 -1.515298
1691654849.811575 0 47.184743 11.471664 -3.048613
1691654849.811602 1 2.437542 17.048723 -1.853580
1691654850.711739 2 2.129151 18.329740 1.164599
1691654850.711797 3 27.791096 12.410255 -1.515298
1691654850.812572 0 47.184743 11.471664 -3.048613
1691654850.812590 1 2.437542 17.048723 -1.853580
1691654851.711652 2 2.129151 18.329740 1.164599
1691654851.712474 3 27.791096 12.410255 -1.515298
1691654851.811579 1 2.437542 17.048723 -1.853580
1691654851.812456 0 47.184743 11.471664 -3.048613
1691654852.712383 2 2.129151 18.329740 1.164599
1691654852.712415 3 27.791096 12.410255 -1.515298
1691654852.811626 1 2.437542 17.048723 -1.853580
1691654852.811648 0 47.184743 11.471664 -3.048613
1691654853.711661 3 27.791096 12.410255 -1.515298
1691654853.711682 2 2.129151 18.329740 1.164599
1691654853.811628 1 2.437542 17.048723 -1.853580
1691654853.811654 0 47.184743 11.471664 -3.048613
1691654854.711759 3 27.791096 12.410255 -1.515298
1691654854.711780 2 2.129151 18.329740 1.164599
1691654854.812945 1 2.437542 17.048723 -1.853580
1691654854.813714 0 47.184743 11.471664 -3.048613
1691654855.712005 3 27.791096 12.410255 -1.515298
1691654855.712027 2 2.129151 18.329740 1.164599
1691654855.811663 0 47.184743 11.471664 -3.048613
1691654855.812505 1 2.437542 17.048723 -1.853580
1691654856.712554 2 2.129151 18.329740 1.164599
1691654856.712773 3 27.791096 12.410255 -1.515298
1691654856.812340 1 2.437542 17.048723 -1.853580
1691654856.812356 0 47.184743 11.471664 -3.048613
1691654857.711866 2 2.129151 18.329740 1.164599
1691654857.711884 3 27.791096 12.410255 -1.515298
1691654857.811660 0 47.184743 11.471664 -3.048613
1691654857.811677 1 2.437542 17.048723 -1.853580
1691654858.711697 2 2.129151 18.329740 1.164599
1691654858.712581 3 27.791096 12.410255 -1.515298
1691654858.812879 1 2.437542 17.048723 -1.853580
1691654858.812915 0 47.184743 11.471664 -3.048613
1691654859.713018 3 27.791096 12.410255 -1.515298
1691654859.713067 2 2.129151 18.329740 1.164599
1691654859.812243 1 2.437542 17.048723 -1.853580
1691654859.812259 0 47.184743 11.471664 -3.048613
1691654860.711466 2 2.129151 18.329740 1.164599
1691654860.711485 3 27.791096 12.410255 -1.515298
1691654860.812106 1 2.437542 17.048723 -1.853580
1691654860.812124 0 47.184743 11.471664 -3.048613
1691654861.711712 3 27.791096 12.410255 -1.515298
1691654861.711728 2 2.129151 18.329740 1.164599
1691654861.811633 1 2.437542 17.048723 -1.853580
1691654861.812572 0 47.184743 11.471664 -3.048613
1691654862.711714 2 2.129151 18.329740 1.164599
1691654862.712494 3 27.791096 12.410255 -1.515298
1691654862.811485 1 2.437542 17.048723 -1.853580
1691654862.811505 0 47.184743 11.471664 -3.048613
1691654863.711861 2 2.129151 18.329740 1.164599
1691654863.711878 3 27.791096 12.410255 -1.515298
1691654863.811724 1 2.437542 17.048723 -1.853580
1691654863.811740 0 47.184743 11.471664 -3.048613
1691654864.713339 2 2.129151 18.329740 1.164599
1691654864.713816 3 27.791096 12.410255 -1.515298
1691654864.813293 0 47.184743 11.471664 -3.048613
1691654864.813339 1 2.437542 17.048723 -1.853580
1691654865.711510 2 2.129151 18.329740 1.164599
1691654865.712307 3 27.791096 12.410255 -1.515298
1691654865.813638 1 2.437542 17.048723 -1.853580
1691654865.813675 0 47.184743 11.471664 -3.048613
1691654866.713384 2 2.129151 18.329740 1.164599
1691654866.713422 3 27.791096 12.410255 -1.515298
1691654866.812382 0 47.184743 11.471664 -3.048613
1691654866.812399 1 2.437542 17.048723 -1.853580
